1 0 0 -1 -1 0 1 1 0 0 
-1 0 0 0 1 0 0 0 0 0 
-1 1 0 0 -1 1 0 0 0 1 
1 -1 0 1 1 -1 0 0 -1 0 
1 -1 -1 0 -1 0 0 0 -1 -1 
-1 1 0 1 1 0 1 0 0 0 
0 -1 -1 0 0 1 0 0 0 1 
0 0 0 0 1 0 -1 0 0 0 
-1 -1 0 1 -1 0 1 0 0 1 
0 0 1 -1 0 -1 0 0 0 0 
-6 -67 -61 -38 9 -16 -16 32 56 16 
27 -63 23 -56 63 10 33 -9 -55 69 
-44 -23 -58 12 -55 0 21 -25 27 48 
1 41 -38 57 38 -17 -50 -2 -63 7 
32 -46 -11 30 10 13 -48 -37 66 -53 
-54 34 51 -40 -33 52 -62 -37 -54 -9 
-58 40 -30 -9 59 7 -66 -12 -18 41 
-50 67 36 13 12 -2 -28 10 -60 -58 
3 -27 -52 56 26 -52 59 -31 -48 -6 
-59 -30 50 36 5 -11 0 60 -24 -34 
-4 -3 5 5 0 -4 0 -5 5 -2 5 1 -5 1 5 0 -2 4 -2 0 0 -2 2 -3 1 -1 -4 -3 5 -1 0 2 3 0 -2 0 0 0 -1 3 -2 0 -5 4 -2 3 -5 3 -3 5 0 1 0 3 2 0 -2 3 0 1 -3 0 2 0 -5 -2 2 -3 4 0 5 0 2 -3 0 0 5 2 4 0 1 2 -4 0 5 -3 1 -4 -4 -4 0 3 -1 3 0 -4 1 0 4 -5 
-2 0 -3 -1 -4 1 -1 -4 -5 -5 1 -4 -1 4 1 2 -4 -2 -5 -5 -5 1 -2 1 1 0 -2 -3 1 3 -3 -4 0 1 4 -5 4 5 0 2 -5 0 0 2 3 0 -2 -5 1 -2 -2 1 0 0 0 5 5 -2 3 4 0 2 -4 2 5 -4 5 -1 -5 -5 -4 -4 1 0 -4 0 4 -3 -2 -3 4 -1 -1 0 -4 -5 5 -3 2 -1 2 -4 -5 -1 -4 0 -1 0 4 4 
4 2 1 5 5 0 0 -2 4 3 4 0 -4 -3 5 5 2 -4 1 3 -1 4 0 4 0 -2 5 4 -4 -2 3 4 5 0 -4 -5 -3 -2 -1 4 -3 -5 2 -3 4 0 -5 1 3 0 -4 -4 2 -5 -3 4 0 3 -1 5 0 -4 0 2 -2 5 -5 4 2 5 -2 -2 -2 0 -5 4 0 3 1 5 0 5 4 3 -5 -4 2 5 5 2 -4 2 -2 -1 4 5 -1 1 -4 -5 
1 4 4 -2 1 -1 -3 1 0 -2 3 -3 1 0 2 5 1 -4 -2 -3 2 -3 2 -5 0 0 0 1 4 -3 -2 1 -4 4 -3 1 -5 2 -4 0 -3 1 -2 -2 1 0 -1 -2 2 2 0 4 0 -2 -2 0 5 -2 3 4 5 -3 -1 5 -2 0 1 2 3 -4 1 -1 3 -4 -5 0 -1 -4 -3 -4 -4 -4 -1 -2 0 -2 4 -1 0 -1 4 -1 2 0 -1 -2 2 5 1 -4 
-1 2 -5 5 4 1 -1 1 5 0 4 3 -4 0 -4 -2 3 -4 -3 0 -3 1 -3 1 5 2 0 -3 -1 -2 0 1 -3 2 -4 -3 3 0 4 -4 -5 -1 -3 5 5 1 -4 -5 3 0 -2 1 5 5 2 -1 0 2 0 -4 -4 0 -4 -1 1 -1 -5 2 -5 -5 2 5 -2 -5 5 -2 3 -2 -2 0 -3 -4 -3 -3 -3 1 -2 0 2 -5 4 0 -4 -4 0 -3 -4 4 1 0 
4 0 -1 3 -4 -4 3 -5 0 -5 5 -5 5 -4 -5 -4 2 4 5 -3 0 -1 0 -1 2 -3 4 5 -4 -2 -2 -1 1 3 -2 0 -4 -5 3 1 4 -4 2 -4 5 3 -1 -2 5 3 -2 -2 0 2 0 4 5 -5 1 1 -5 -2 -2 -4 2 -2 0 -1 -4 -5 1 -5 -1 5 -2 1 -2 3 5 1 0 4 4 -2 2 -4 0 0 -2 5 3 4 -2 -3 1 3 3 1 2 -4 
1 4 5 -1 4 3 0 0 3 2 4 0 5 -5 1 4 0 1 0 -3 0 -3 -3 -1 -3 4 -2 3 0 -2 2 3 -3 -3 0 4 -2 -4 -1 -2 4 -4 -2 4 2 0 -5 -3 3 -5 -5 -3 5 -4 -2 1 -1 0 -1 3 -4 -2 3 3 -5 -2 2 -2 -1 0 0 1 3 5 -1 0 5 1 -4 0 0 5 2 0 4 -3 1 4 0 -5 -4 5 1 -2 0 -1 3 -1 -5 5 
5 2 -1 0 -5 4 0 1 -5 4 1 5 0 0 5 1 5 5 2 -5 4 1 5 -1 5 -5 4 3 -5 1 4 0 4 -3 -1 4 1 -3 2 3 -3 -5 -4 -2 -4 -1 0 -1 1 2 -5 -2 -1 -5 -3 -2 -1 -1 -4 0 4 2 1 4 -3 -2 0 4 0 1 -5 -1 -2 3 4 -4 4 -2 -4 -4 -4 -1 0 -1 0 1 -1 4 1 1 -1 -5 5 -1 4 1 1 0 5 0 
-4 -1 3 2 -5 4 3 -3 -3 0 -3 -2 3 0 -3 4 1 0 -2 3 5 0 -4 0 -2 3 0 3 0 -5 -1 -2 1 4 -4 0 0 5 -1 3 4 -4 0 3 0 1 -4 2 4 2 -3 -4 -5 -5 1 2 4 -2 2 1 -1 2 1 2 -2 5 -5 3 -2 5 2 -4 3 -1 5 2 -3 0 4 5 1 0 0 -2 -4 -4 -5 0 0 5 -4 0 0 -3 -2 -2 5 -3 -2 1 
0 0 -5 -3 0 -2 -5 5 3 -5 -3 -2 -4 -1 -2 3 0 1 2 3 1 4 3 0 -4 -3 -4 -2 -5 4 0 3 -2 0 4 3 2 0 -4 2 -3 4 -4 2 -1 0 4 -1 0 0 4 5 -5 0 4 0 -3 -2 -2 0 -2 2 -2 -2 2 0 -5 0 -3 0 1 -4 -4 5 -5 -2 0 -4 3 -2 -2 4 4 -2 5 -2 -2 -3 -3 1 0 -4 2 1 0 3 -4 -2 0 -5 
4 -2 4 0 0 -2 -3 0 0 0 3 2 2 -1 0 0 -4 2 -3 -2 -2 -2 0 -2 -1 -1 2 1 0 0 0 0 5 2 0 4 4 4 4 -4 1 3 -2 0 4 4 2 2 0 -1 -5 0 -1 0 1 3 4 0 1 -5 0 3 2 5 1 -4 2 -5 2 -5 1 -5 2 2 1 0 -5 5 -1 -5 4 -2 -1 -2 2 0 5 5 -3 -4 -1 1 4 -1 4 -5 4 -4 -2 -2 
-5 -2 5 0 -5 0 -3 0 0 -3 -4 -3 5 4 5 -1 5 0 -5 0 1 3 4 -2 2 3 5 1 -3 -3 -1 -3 -4 0 -3 -4 5 -4 -2 -2 -5 1 0 -4 -3 2 0 5 -2 3 -5 -4 4 0 -5 2 0 5 -4 3 -1 3 -2 -4 1 -1 0 4 0 -3 -5 4 -2 -5 4 4 0 4 -4 -1 -1 5 3 1 -3 1 4 4 2 -2 5 -2 -2 -1 -1 3 0 -4 4 -4 
-5 -5 -3 -5 -3 0 4 -5 -4 -2 -5 0 -4 -5 -4 -3 -2 4 0 -4 0 -1 -3 -1 2 3 5 -3 5 0 -3 -5 -3 4 -3 -4 0 1 4 -3 5 5 2 0 0 2 0 -5 0 4 3 -3 0 2 1 3 -2 5 -5 5 2 -2 -1 2 -4 -5 -5 0 -4 -4 -1 2 -2 0 -4 -5 3 3 1 5 -5 5 4 -5 -5 -5 5 0 -4 -1 2 -2 4 -4 0 3 1 -5 5 -5 
2 2 0 0 -2 -4 -5 2 -5 2 1 -4 2 -3 0 -5 4 -3 1 0 4 -4 0 -2 0 -3 -2 5 -3 4 -4 -1 -1 -3 3 -1 2 -3 -3 -2 -3 -5 -1 1 2 3 2 3 0 2 -5 -4 -3 -1 -5 4 0 2 1 -3 3 -2 -2 0 -3 2 -1 0 1 0 0 5 -1 2 2 1 -4 1 2 3 2 -4 3 3 -5 -5 3 2 0 0 -4 0 -5 0 4 4 -3 0 0 -3 
4 0 0 -3 5 3 0 -5 2 0 3 0 4 3 -1 -2 -5 -5 -1 5 -2 4 -1 3 0 -4 0 -5 4 2 2 2 0 3 -3 3 3 -1 0 2 -4 -1 2 -3 0 2 -4 2 -4 -3 5 0 -2 0 5 0 -4 -5 -4 0 3 0 -5 4 -5 -1 2 5 0 1 2 -5 -2 -2 -2 5 -3 -4 4 0 -5 -4 -2 2 -4 -3 0 4 -4 5 5 -3 0 3 -3 -4 -2 0 3 0 
-2 -4 -4 -3 -1 -2 -2 -3 5 3 2 0 -4 3 0 0 1 1 0 5 -5 4 -4 -2 0 -2 -5 -4 -4 -3 -2 -3 0 -1 -3 -2 -1 -5 0 2 -3 -4 0 2 1 -2 0 3 2 0 -1 -3 3 5 0 3 1 3 0 -5 5 -4 3 1 4 -2 0 -2 3 4 3 5 -4 -1 4 3 -3 2 4 -2 1 2 0 1 0 -2 4 3 1 -2 -1 0 1 -3 3 2 -2 -1 0 4 
-1 -3 0 5 1 -3 5 -3 1 1 1 -1 -5 -5 -5 1 5 2 4 4 1 3 4 3 4 -4 5 -1 3 5 5 4 1 1 5 1 -5 1 0 3 5 0 -3 -1 -4 -1 4 1 -3 -3 0 -1 -4 -5 2 5 -3 1 0 3 -5 -1 5 -2 -3 -5 4 4 -4 -5 -1 5 5 1 -4 -3 2 3 2 0 -5 0 -3 5 -1 -3 -4 -3 0 0 1 0 2 -5 4 -1 4 4 3 4 
-1 -1 -2 0 1 -1 -5 0 -3 -1 2 0 0 -5 -4 1 5 2 5 -1 2 -4 4 3 5 5 -1 0 -2 1 -4 -1 0 -1 -3 2 -1 0 3 3 -1 0 0 0 3 0 0 -2 -2 -1 1 0 3 -3 -1 5 -1 -4 0 -4 -1 -5 -3 5 4 2 0 4 2 0 1 5 0 0 -3 3 3 -5 4 3 1 -2 5 -3 -5 0 -4 -1 1 0 3 -2 -1 1 -3 0 -3 5 2 3 
-1 -3 -2 -5 -4 0 4 -4 4 0 0 -3 1 -3 -5 5 3 5 2 3 3 1 4 -3 2 -5 3 0 5 -1 -5 -4 0 -3 0 0 0 1 5 5 5 1 0 -3 -2 -4 0 0 -4 0 -5 2 -5 2 -2 -5 -3 -4 5 -2 5 1 -5 0 -3 1 5 -4 -5 -5 4 -1 2 -1 0 -4 -1 -5 0 -1 -1 1 2 -1 0 -4 -4 -4 1 0 -1 -3 1 0 -3 -1 2 -3 -3 -2 
-5 -4 3 -5 -2 1 -4 -4 -5 2 5 0 -3 -4 -1 2 1 -1 4 -4 0 -4 0 -2 -1 -3 -3 2 -3 -1 3 5 -2 -5 4 -5 2 -1 -1 1 -5 -2 4 -4 1 0 -3 0 -5 1 0 -4 3 -5 5 4 4 0 1 1 0 1 2 1 0 -1 5 3 1 1 0 -5 0 5 2 5 -4 -4 1 0 -4 0 1 3 -3 -2 2 3 0 0 3 1 -2 1 5 1 0 4 -5 0 
0 4 0 2 4 0 0 4 -1 1 -2 -2 1 1 5 2 3 2 0 4 -2 -2 -2 2 -1 -5 5 0 -2 -2 -3 -5 0 4 2 0 -3 -3 -5 4 -3 1 -4 1 -4 -1 0 3 3 -3 4 1 3 -5 4 -3 -2 -2 -2 1 0 -1 5 -2 -4 4 4 -5 -1 -5 -1 -1 2 -2 3 -3 0 -5 1 -2 2 -1 3 -3 3 -3 -2 2 -1 -3 0 -2 5 2 1 0 5 -2 -5 -4 
0 5 -1 4 -2 0 5 3 -3 0 -2 -1 5 -5 -2 -3 -3 2 4 -5 2 4 -1 -5 -1 -1 0 4 -4 1 -1 0 1 -2 -2 3 0 -3 -2 -2 -4 -1 1 -2 1 0 -3 2 1 3 4 0 1 -5 0 5 1 -4 -4 -5 2 3 -5 5 3 5 -3 -2 1 -2 5 -5 4 0 4 0 0 4 4 -1 0 5 1 5 5 0 2 -4 1 -4 -5 1 -2 0 0 0 1 -2 1 0 
-5 -5 -5 -2 1 3 5 -4 1 4 -2 2 -3 4 -5 4 -5 4 -4 1 -3 -2 5 1 0 1 -4 5 -3 4 -3 5 -3 -1 0 3 0 -4 1 4 1 -3 -5 5 -5 -5 0 2 -2 2 -2 -1 -5 0 -2 4 2 3 -2 2 -5 -2 -5 2 1 1 -2 -1 4 -2 -5 -2 1 2 -1 -3 0 -5 1 -3 0 3 5 -1 2 2 -3 1 -4 -1 -1 -1 2 3 0 -5 0 1 -1 -4 
3 0 3 0 5 3 3 -5 3 5 0 2 5 0 -5 -3 4 5 4 0 3 5 -4 -2 -3 5 -2 0 0 0 -3 -3 -4 4 5 0 -1 3 -3 3 1 2 2 5 0 0 3 -4 2 3 4 -4 -3 3 2 0 -3 -3 0 -5 5 3 3 2 -4 -2 -5 -4 -4 0 -2 3 -2 -3 2 0 -4 -5 -4 -1 -5 5 -5 4 -5 0 -1 1 -3 -4 0 -2 0 0 4 -3 2 -3 0 1 
-3 2 0 3 3 2 -3 3 3 2 -3 1 -1 0 5 -4 -2 2 5 1 -4 1 0 -4 -2 -1 -5 -5 0 0 0 1 0 0 -5 -1 -5 -4 -5 -3 0 2 4 0 3 2 -4 0 4 1 1 5 4 2 -3 -3 4 -3 -1 -5 2 2 -4 1 5 2 -5 -1 -2 2 -3 -3 2 -2 -3 5 0 4 -4 -1 1 2 -5 -5 2 2 0 1 4 0 5 -4 0 0 -4 2 -2 5 -2 5 
4 5 3 3 2 -2 3 -4 0 -5 0 -3 -1 -5 -2 5 5 0 -5 0 0 5 2 1 3 5 0 0 0 -4 -2 1 0 1 -2 -3 -2 1 0 -2 -5 2 3 4 1 2 3 -4 -5 5 -5 0 5 3 2 1 4 4 0 1 -1 4 -4 3 0 0 1 1 -4 0 0 5 -5 1 0 -5 4 0 -5 5 -3 1 -1 0 -1 1 -3 0 5 2 4 5 -4 -4 0 -3 5 -5 3 -2 
-1 -4 -2 2 1 2 -3 -2 -2 2 1 1 -5 0 5 -1 2 0 1 1 -3 -3 -4 -2 0 5 -3 -1 -3 -1 -3 -4 1 3 0 -2 4 -5 1 3 -1 3 0 1 -2 -2 4 3 -4 -1 -3 4 -1 3 -1 3 1 0 -3 3 -4 4 5 5 -4 2 5 3 2 -3 0 5 0 -5 -5 3 -2 -2 1 5 -1 5 -1 2 2 5 -1 1 2 -3 -2 -5 1 0 -4 5 4 2 0 0 
5 3 -2 1 -1 2 -2 1 -1 -3 -5 3 3 5 -3 5 5 2 0 3 1 0 -4 3 4 -3 -4 4 -2 5 -3 0 0 1 0 -5 1 4 -3 0 -2 4 -4 0 -4 5 5 0 0 5 -5 1 -4 -3 4 -5 2 1 3 -3 0 -4 2 4 5 2 -2 0 3 -5 -1 0 0 0 -1 0 -3 4 -3 4 -4 -2 2 -5 -5 4 1 2 5 0 4 0 -4 -1 -2 -2 -3 1 0 -4 
5 1 0 -2 -4 -2 -3 -1 -5 0 0 1 4 0 1 -3 0 2 0 0 -3 -2 -1 0 0 -2 0 4 0 2 0 -5 -5 5 -4 -5 0 -3 0 2 0 -2 0 3 -4 -5 4 -2 -1 -4 -5 -1 2 1 0 -3 4 -3 -4 -1 -4 -3 4 -3 1 4 -4 3 4 0 -1 -1 -1 -2 4 4 5 -4 1 1 -4 -5 2 5 3 -3 -3 -4 -2 0 2 0 -5 3 2 0 0 -4 -1 -4 
-4 -1 -5 0 -2 1 4 -1 -3 -1 -1 -1 -4 0 -3 -3 1 -1 -5 -2 -3 -5 -1 5 3 1 -5 0 5 -3 2 -2 1 -4 -1 3 0 -4 -2 -3 -5 -1 -1 2 2 0 -2 -4 -2 -2 -4 5 -1 0 -1 1 1 0 2 -3 2 -5 3 5 5 3 -1 1 -4 5 -5 -5 1 5 -3 -5 -1 1 -3 -1 2 0 4 5 2 0 3 -1 -4 4 1 -1 1 2 1 -2 -1 0 -3 4 
-4 0 -3 0 -1 -1 -3 0 3 -3 0 0 4 0 -1 3 5 0 -1 -5 -4 1 -2 -4 -2 5 2 4 0 -5 5 -3 -2 4 0 3 4 3 -3 0 5 5 4 4 3 0 -3 3 -4 4 -1 2 0 0 0 3 -5 2 -1 -1 2 -1 -4 0 -5 0 3 -3 1 0 -5 1 4 4 -1 -4 1 5 5 -4 0 -2 3 -2 0 1 -1 -4 0 -2 -1 2 1 2 0 1 5 -3 1 -5 
-4 -4 1 -1 0 5 5 -5 2 -4 -3 4 1 -5 2 -2 1 -4 0 4 -1 0 1 0 3 2 1 -3 0 5 -4 4 2 0 1 -2 2 4 4 4 -1 1 5 5 0 1 -3 2 0 5 -2 2 1 5 1 -1 2 -2 -3 -5 -2 3 -1 0 -2 -2 3 0 0 -2 -5 0 4 5 1 4 5 0 2 -1 -4 -2 0 -5 0 -4 3 0 4 -1 3 1 -4 2 -2 3 -1 -3 2 0 
0 3 0 -1 -2 4 3 4 0 -2 -4 0 3 -3 5 1 -3 0 5 -5 1 3 4 3 -4 0 3 0 -3 3 0 -4 -3 -5 4 -5 0 -1 -1 1 -4 -1 0 1 0 0 5 -5 1 2 -4 -3 -1 -1 2 5 -2 0 2 3 -3 2 -1 0 3 0 -5 0 0 -2 -1 3 -1 0 1 4 4 -2 -2 -3 -1 5 2 0 -3 1 -1 5 -4 3 -2 2 0 5 3 2 -3 -4 2 -4 
1 -2 -2 1 4 2 5 -4 -2 2 1 0 3 3 -4 1 -2 -4 -1 2 -3 0 4 -5 -2 3 -4 3 1 -1 2 4 -3 2 -2 -3 3 4 -5 2 0 4 -4 2 2 2 -5 -5 2 1 -2 0 -2 1 3 -5 3 3 2 -1 -5 -5 -4 5 -5 -4 2 0 -1 1 -1 1 2 1 5 -4 4 -3 -1 -1 4 4 -3 4 -3 5 -5 5 -2 0 -5 -2 2 4 1 3 5 0 -5 0 
3 -2 -4 -1 5 -5 -3 -2 -5 -4 -5 -2 4 -2 5 2 2 0 0 4 -3 4 -3 0 0 -3 0 3 1 -5 -1 2 0 5 -5 1 3 -4 3 3 2 -1 -3 3 0 0 2 3 0 -2 0 0 0 -4 0 -5 -4 1 2 -2 -4 5 2 3 5 2 -2 5 -3 -4 4 3 5 1 -2 0 -5 4 -2 4 0 0 3 0 -5 3 1 5 0 0 0 -3 4 -4 -3 3 1 5 0 4 
1 2 3 2 0 2 3 -1 -3 0 -1 -4 0 -2 -4 4 0 -1 1 2 1 3 -4 0 -4 5 -5 4 -2 0 5 4 5 -2 1 -1 3 -5 -1 -3 0 3 -1 -5 -3 3 3 3 -4 -4 -2 3 -2 0 4 -1 2 3 -2 4 0 1 5 0 -4 -1 -3 3 -5 -2 0 -2 5 -5 1 2 -5 2 -5 -4 0 1 -3 0 -2 3 0 0 3 3 -3 2 -2 2 1 2 0 -3 -2 -4 
-2 3 -3 1 4 -2 0 0 -1 -5 1 -4 -3 5 2 2 0 1 0 -4 -2 2 1 -1 -3 -5 3 1 1 2 0 3 1 4 1 2 -1 3 -2 0 -1 -4 4 -3 1 5 0 -3 0 0 -4 -3 2 2 1 3 -2 -5 5 1 2 1 0 3 0 -3 4 -1 5 1 -5 0 1 1 -2 -5 -2 -4 -4 -5 -1 -2 4 1 2 0 -2 1 -3 -5 -3 2 2 3 0 5 3 -1 -5 -1 
-1 5 -3 -3 1 3 0 -2 4 -4 3 -3 2 -5 3 5 1 0 0 2 -5 0 4 -5 5 4 4 5 -1 3 4 -3 -5 0 4 -5 4 -2 1 0 -4 0 -3 -4 0 -2 -3 5 2 -4 -2 -1 0 1 0 -1 0 5 5 2 1 1 -3 4 -1 -1 4 3 5 0 -1 3 0 0 -2 2 4 -1 1 0 2 2 -5 5 -4 -1 -1 -5 -4 0 3 0 3 4 -4 -3 -2 3 -1 0 
-5 3 0 5 -5 -1 0 4 1 -2 -1 4 2 3 4 -2 0 1 2 3 4 0 -2 -3 0 -2 4 2 2 -1 -3 0 -1 0 4 -2 0 2 -1 5 5 0 2 -3 -3 -4 -2 4 -3 1 2 2 1 -2 -1 2 -4 -2 -5 -5 3 2 1 2 2 -1 0 1 5 0 -2 3 2 0 0 5 3 -2 -1 -2 -3 -1 -5 0 -4 -1 5 1 -5 -3 -4 -1 -5 -1 -3 -3 0 3 -2 -4 
-3 -5 -5 4 -1 0 -5 -5 5 -5 2 2 -1 0 1 -1 5 0 5 0 -3 -4 -2 4 -1 1 0 1 1 2 0 0 1 0 -3 -2 -5 -3 -3 -3 -2 3 0 -2 0 0 3 0 1 -2 -2 2 -1 -4 0 -2 -5 -3 0 0 -5 2 -2 3 3 0 0 -3 -4 5 -3 -4 -5 -5 4 3 -1 4 -3 -3 -4 1 0 -4 0 5 2 5 -1 4 4 -5 1 -3 -2 -1 -4 0 5 3 
-3 -5 -2 -4 5 2 5 3 -3 2 0 2 4 2 -2 5 -5 -3 1 -1 -4 -2 0 -5 -1 -2 0 -2 5 -3 0 3 -3 1 -3 -4 -1 -3 4 1 2 4 0 0 -5 2 0 5 0 0 0 3 5 0 2 2 -5 3 5 -4 -5 4 1 -3 -4 1 1 -4 -4 3 0 -2 0 4 0 -1 5 -3 1 3 2 -4 3 3 4 1 -1 4 -2 -2 3 0 0 5 3 4 0 -2 0 -4 
3 5 -5 0 4 -4 3 -1 5 0 0 1 3 3 0 4 -3 0 -1 1 -3 -2 0 0 2 1 -2 -1 -4 -5 2 -2 0 0 1 2 -4 0 -5 2 3 1 1 4 4 2 -5 4 -1 1 -5 -2 -4 3 0 -4 2 -5 4 3 2 -5 -4 0 -4 4 -4 -1 -5 -4 -4 -1 5 4 -3 3 5 2 4 5 2 0 2 5 -4 4 -1 -1 -1 4 -1 3 0 -1 3 4 -1 -4 -1 4 
-3 -4 0 1 0 0 3 0 -3 2 -5 4 3 4 -5 -1 -2 -4 4 0 1 -4 -1 2 1 -2 4 -2 0 0 -2 0 -3 0 2 1 5 -2 4 5 -1 -2 0 -1 3 0 3 -4 -5 3 4 0 0 -3 5 0 3 0 5 -4 5 0 5 0 0 3 -3 -5 -4 3 3 5 -1 5 4 0 -4 0 -1 0 5 1 0 2 5 3 0 -2 5 2 3 0 1 0 -4 4 -1 3 -1 1 
1 1 -3 3 5 3 4 2 4 -3 -5 -5 1 0 -4 -2 1 2 -1 4 5 5 1 4 0 -2 4 -2 -5 -2 5 -4 -3 5 1 0 -2 5 5 -3 2 1 0 0 0 1 -3 2 0 -4 -3 3 -5 1 1 -2 -4 5 1 0 -2 -2 2 0 -3 2 0 -1 0 -1 -3 0 2 3 -1 5 -2 3 -5 -2 3 -5 0 2 -4 -2 5 -4 2 0 -3 0 4 -5 5 0 -3 0 -1 4 
1 0 -4 2 4 -2 -2 4 3 3 0 -5 5 -1 -2 1 -1 1 2 -3 2 1 -4 -2 -5 0 2 2 2 5 0 -3 3 4 0 1 4 0 1 2 -2 3 5 1 0 2 3 -1 -5 4 5 0 -5 3 -5 4 3 -4 2 -5 -3 -5 0 4 3 -5 2 4 -3 0 -4 3 1 -3 0 1 2 5 -1 -4 2 -4 5 -5 -2 1 0 -2 -3 -4 2 0 -1 2 2 0 -1 3 1 -2 
-3 -2 -3 -4 -2 4 4 0 4 2 -2 -4 -4 -2 -3 0 2 -3 4 2 4 4 -3 -5 2 -1 1 3 0 -3 -2 3 -2 -4 -5 5 1 3 -2 -2 -4 -2 0 -4 5 5 2 0 0 0 -3 0 -5 5 2 -4 -1 1 -3 0 -4 5 0 -5 -4 5 4 3 4 0 -3 -4 1 -4 -4 0 5 0 4 -3 -2 0 -3 4 0 3 5 1 -4 -2 5 0 0 -4 3 0 -2 -2 0 2 
1 3 0 2 -1 2 -5 1 -3 1 -3 1 -4 -3 1 2 4 5 -1 1 1 2 0 -4 4 -3 -1 4 -3 -4 -3 1 -3 -5 5 -5 0 4 2 0 2 4 -1 2 4 0 5 -3 -3 1 2 -1 2 5 0 2 0 -2 -1 -3 -1 1 1 3 -2 -1 4 -1 3 1 0 -3 -5 0 2 1 0 -1 -1 3 -3 0 -3 0 2 4 4 0 -4 -3 -2 -1 5 2 -4 1 1 -5 -1 2 
3 5 -5 3 -3 2 -5 4 -5 2 -5 -2 -2 1 -2 0 1 5 -1 -3 -4 0 3 -3 0 -4 5 1 0 -3 -2 -5 -3 2 2 -5 4 5 4 5 3 4 4 -1 3 -5 4 2 -2 0 -2 1 -3 1 3 -5 2 -5 -5 -1 -5 5 -2 5 -3 -2 5 3 -4 -3 0 3 -3 -3 0 3 3 -4 -3 1 4 -5 -4 0 -5 5 -2 2 -3 -3 -2 1 -1 5 4 -4 -5 0 1 3 
3 -1 0 1 3 0 -5 -2 -5 2 3 5 5 0 -1 -2 -2 -1 3 0 0 -2 3 -5 4 -3 -5 0 -5 0 5 3 2 0 0 -1 0 -1 4 0 -1 -5 -5 4 -2 0 -3 -2 -2 3 1 0 4 -5 2 4 -3 5 4 -3 2 -5 -3 -3 -3 0 1 -2 -5 -3 0 0 -4 -1 4 0 0 -4 2 3 -3 5 0 -1 0 -2 -1 4 1 -2 -4 2 -3 -4 3 -2 -1 -5 3 0 
-5 3 -3 -4 2 5 2 0 3 0 4 3 1 0 -2 -2 4 3 0 0 4 -3 0 0 1 5 -5 -5 2 0 1 3 3 0 -3 -4 5 2 1 -4 0 0 4 5 -5 4 -2 -1 4 1 0 0 -4 -4 1 -5 4 -2 -4 4 -5 -2 5 0 4 -5 -4 4 0 -2 3 5 -1 5 -3 -5 0 5 0 -4 4 -1 -1 -5 5 -4 -3 3 5 0 1 1 -4 4 0 -5 -4 0 2 2 
4 0 -3 4 -3 -2 3 -4 3 0 -2 5 0 -1 5 4 4 -2 1 1 0 0 3 -2 -2 -4 -1 -4 2 -2 2 0 5 0 5 -3 -4 -1 0 -5 0 0 0 -2 0 -4 -3 0 -3 2 -4 3 -5 -3 -4 4 -1 -2 -5 5 3 0 0 -3 1 -5 3 -2 -2 -2 -5 0 -1 0 -5 -1 3 -3 2 -1 -1 -2 5 -2 -4 -4 5 1 4 -5 -5 2 2 -3 1 -2 2 0 3 4 
0 -2 4 2 -5 0 -1 3 0 -5 -4 3 4 0 0 0 -1 1 -2 0 -3 -5 4 -1 -3 1 4 5 -5 4 0 0 4 5 2 4 2 1 -4 5 -5 1 4 -1 0 -5 -3 3 -3 -5 -5 -2 -4 3 -4 -4 -4 1 -3 5 5 -4 -5 4 -2 3 -4 -5 -5 -5 3 0 5 -1 1 2 2 1 -4 -2 4 5 0 -2 -2 0 -4 5 -4 3 -2 3 -4 -3 -2 -4 1 -2 3 1 
-1 -1 -5 1 -1 -5 -4 2 0 5 0 0 -4 -3 4 3 -4 2 0 0 -3 0 0 0 -2 3 4 4 3 -2 1 -1 3 1 0 -5 0 4 -4 0 -2 -2 -2 -3 -2 4 0 -3 -2 2 2 4 1 -1 2 3 -4 0 -2 -2 5 1 0 -2 5 -1 -4 0 2 -4 4 0 3 3 0 0 2 0 -5 2 5 0 -3 4 2 -1 -2 -1 2 4 -5 5 1 0 3 3 4 2 3 3 
2 -2 -3 -1 2 1 -5 -3 -5 -3 0 -3 -2 -3 3 3 4 2 -4 1 -5 5 -3 -3 -3 -2 -4 -1 -4 2 -2 -2 -5 -1 -3 -5 0 3 2 -4 1 3 -3 -2 3 -3 5 4 -2 2 1 -4 5 4 3 1 5 -5 3 -5 1 0 5 4 5 0 -2 2 2 -3 0 3 -4 -2 -2 -5 1 0 -4 -5 -3 -1 -2 -2 1 -2 0 0 2 4 5 -1 -4 -2 -1 1 -4 0 -1 -3 
-4 0 1 3 1 -4 -5 5 -5 -2 3 -1 3 -1 0 2 -4 1 -5 -5 0 4 5 -2 -3 -1 -1 -1 -1 -5 -4 -1 2 2 -4 2 -2 -4 5 5 -2 1 4 -5 -5 -2 -2 -2 -3 -3 -2 0 -5 -3 -2 1 -4 2 1 5 -5 5 -4 -3 0 1 4 -2 4 -4 -1 1 2 -4 4 0 1 2 0 -1 0 -4 3 -5 5 -2 0 5 -2 0 -2 -4 3 -3 -3 5 -3 0 0 -3 
-4 -5 -2 0 1 -2 3 -1 0 4 -3 5 -3 0 1 3 1 2 -4 -5 3 -3 -5 5 -5 -5 4 -4 -5 -3 -4 3 -5 -2 -4 4 -5 4 4 -2 -4 -5 -4 -1 0 0 -4 5 2 1 0 5 0 -2 3 -4 0 -2 -1 -2 -2 -5 3 0 -5 0 -4 -2 -1 -5 3 -4 1 4 -2 -2 -4 0 0 -3 -4 -3 1 4 -4 3 3 -1 -4 0 -1 0 0 -4 -1 -1 5 -5 5 -3 
-4 4 -1 0 5 2 -4 5 0 2 0 1 -2 4 5 4 -2 -2 -1 5 -2 -2 -2 0 5 4 -1 -2 2 1 -2 -4 0 0 3 4 0 5 -1 -3 -2 2 1 4 -3 0 -2 2 0 -1 -3 -1 5 5 0 -2 0 -5 0 3 -1 5 4 0 2 0 -5 -3 -4 5 -5 0 0 -5 -4 5 0 -2 2 -5 0 -3 0 3 -3 -3 -2 4 5 4 3 0 5 -3 -1 -4 -5 2 0 1 
1 2 -5 2 4 2 2 3 -5 0 -3 0 -4 5 4 1 1 -2 2 0 5 1 4 4 0 -5 0 4 0 4 0 1 -1 4 0 -1 -2 5 0 -2 -4 -1 0 5 1 2 5 0 1 2 -4 -1 4 0 0 0 -1 5 3 -5 -2 -2 0 3 -3 1 -1 -2 0 0 -4 -4 5 -1 5 -3 4 5 -4 2 0 -3 0 -5 1 -4 -4 5 1 -5 0 5 0 4 1 0 -4 -4 4 3 
0 2 0 0 3 -3 -2 5 0 2 0 0 -4 3 -3 3 1 -5 -4 0 -2 1 -3 -3 -5 5 -3 3 1 -1 5 5 -5 -3 -2 -5 1 -5 -1 -4 1 1 0 1 1 3 5 -1 3 1 0 4 4 -2 -1 0 0 2 5 1 1 -4 5 2 -3 2 -4 0 0 -2 -4 0 4 3 -2 4 3 -2 -4 0 -3 0 -2 -2 -5 1 2 -5 3 3 -3 4 -1 2 -1 0 0 -3 0 0 
0 4 -2 2 -2 -2 1 2 -3 -4 2 1 -1 -3 -3 -4 5 5 3 0 1 -4 5 0 1 -2 3 0 0 0 -2 -4 1 -2 -4 4 -2 -1 4 -3 0 2 -2 5 2 -2 3 -4 0 0 -3 -5 3 -3 4 -1 -4 0 4 0 -2 4 -3 0 0 -5 -2 4 0 0 5 2 2 5 -2 3 -4 -2 -4 -4 2 -2 3 -4 3 2 3 -3 2 -2 0 1 2 -4 -3 -4 -2 -2 -5 -4 
5 4 -4 1 0 -2 0 -1 -3 -5 0 5 -3 3 0 5 -5 -5 0 4 -1 -5 2 2 0 -4 5 1 -3 2 -2 -1 0 3 4 1 -4 0 2 -2 -4 3 -1 -1 -5 -2 -3 1 2 0 0 5 1 1 -1 2 -4 1 0 3 4 0 0 -1 -4 -5 4 0 3 -5 0 3 -2 1 3 0 -5 -5 1 3 3 -2 -1 4 3 3 5 -2 -5 5 0 0 1 -3 -5 4 3 3 -1 0 
3 -1 4 -3 -4 -4 -2 1 1 0 2 4 -1 -5 0 4 -1 -2 -5 -3 4 0 -1 -5 4 -4 -4 4 -2 0 0 -3 0 -5 -1 3 -2 3 1 -4 -5 -1 -1 2 -2 -4 -3 -1 -3 4 -3 -2 2 3 -1 -1 -4 -3 -3 4 4 -3 -3 0 0 1 -4 0 0 -4 2 -3 0 0 0 -1 -3 -5 -1 -1 5 4 4 -4 2 0 0 0 -5 -1 -5 0 5 -2 3 1 -2 0 -5 3 
-4 3 0 5 4 0 5 0 3 -5 3 0 -1 4 3 3 -2 -3 0 4 3 5 -1 -2 -3 -2 3 -4 0 1 3 0 2 2 1 -3 -3 0 2 2 -4 0 1 -1 -4 5 0 -1 -1 0 -1 5 5 1 -5 -3 -3 3 4 1 3 0 0 -5 4 -3 2 1 2 4 2 0 5 2 -5 0 -1 2 0 2 5 5 -2 1 -2 1 -3 -4 -2 -2 4 4 0 0 -3 -5 5 -4 -3 2 
-2 1 -5 3 -1 -1 4 -3 -5 -1 4 -4 5 -3 -1 0 2 -4 4 -1 5 3 -3 1 -4 4 1 -5 5 -2 0 3 4 -1 3 -3 0 -1 1 2 5 -3 -4 -5 4 0 -2 -5 2 -2 -4 0 -1 0 4 3 -2 -1 -1 -5 3 -4 -3 -5 -1 1 3 2 3 -5 -3 -1 -2 -5 -4 1 2 -2 -4 -3 4 0 2 1 -1 1 5 -1 3 1 2 -2 0 -3 -2 1 4 -3 1 5 
-2 2 -5 1 5 0 2 -3 -3 0 1 -2 0 -4 -2 -1 3 0 2 0 -4 -5 2 0 0 4 0 -3 3 -5 -1 -5 -3 -4 1 -2 0 5 0 -3 5 -4 4 -5 -1 5 -1 3 5 -1 3 -3 0 -3 4 5 0 2 2 -1 3 5 -3 -3 1 4 -2 5 -1 -5 5 0 -2 0 2 0 -5 -3 1 0 -3 -5 -2 -4 0 3 -3 0 -2 1 -2 1 -5 -4 1 -3 0 -2 5 -1 
1 -1 2 5 -2 3 3 0 0 5 5 2 2 4 5 1 0 2 2 0 -3 0 3 1 -3 -5 0 -4 -1 -1 5 0 4 -3 4 5 4 0 0 4 0 5 2 5 -2 -4 1 4 1 5 2 -1 5 0 0 -4 -5 0 -2 -3 1 0 1 -1 0 2 0 -5 3 3 -5 -4 -1 -2 -1 0 -4 -5 -1 -5 0 4 4 3 0 0 -3 1 3 4 -1 5 1 -4 1 4 3 2 -1 -5 
-5 2 1 0 2 -3 -4 -2 2 -3 0 4 -1 -5 3 5 -5 0 -5 -3 -5 -4 5 -5 5 -3 -5 3 0 -5 -4 2 -3 5 0 0 1 5 -1 0 -2 -1 3 3 -1 -5 1 -1 0 5 -5 0 4 -3 -5 -4 0 -2 1 5 2 0 -4 1 -2 3 -4 0 1 0 -3 -2 -2 2 3 0 1 -3 -4 1 -2 4 0 -3 -5 1 -4 5 1 2 3 -2 -1 4 1 0 -4 -3 5 -3 
-4 -2 4 3 -3 -3 -5 5 -1 -3 -2 3 -3 -5 0 1 5 -1 -5 2 -1 -4 -1 0 -5 -4 -3 5 5 -3 -1 1 -4 -3 0 -3 2 4 2 -5 -5 4 -3 0 0 -2 2 -4 4 1 -4 5 -5 -2 3 3 3 -5 1 -2 2 -3 3 0 2 -2 5 4 -2 1 -3 0 5 -3 -2 -5 2 2 0 5 4 5 -3 1 -5 3 1 -1 1 -4 2 -3 4 5 5 -3 1 2 5 -5 
4 -5 0 0 0 -4 0 1 5 0 1 1 -1 5 -3 -1 5 0 5 -1 5 1 -5 -2 5 -1 3 -4 3 3 -3 2 -3 2 5 0 -1 1 1 1 0 1 -5 4 -3 -1 5 0 -3 2 -5 -2 4 -4 0 5 -2 3 3 -5 -4 -2 4 -2 -5 3 0 -5 4 1 1 -4 -5 1 0 -4 -1 5 3 2 3 -3 4 0 3 2 0 -3 -4 -5 3 -4 2 -2 4 4 -1 -2 0 -4 
0 -5 3 -5 -4 2 1 4 -4 3 4 -4 -5 -1 -5 -1 -2 -5 0 2 1 -4 1 -4 -2 4 -4 -2 2 -4 0 0 5 -2 5 0 1 -4 0 -1 1 -3 -4 5 1 0 -2 -5 2 4 0 0 0 0 3 -1 -2 -4 -5 1 5 -2 5 -2 -4 5 3 1 4 4 -1 -5 -4 -1 -5 0 -1 0 0 5 -2 -3 1 1 -4 2 -2 -4 0 3 0 -1 0 -5 2 -4 -4 2 1 0 
3 -3 1 -5 4 -1 -2 -3 0 -3 -5 1 2 -5 -3 -4 -2 -3 -4 -3 -1 5 0 4 -1 -1 -2 -5 -5 2 1 2 4 1 3 4 0 -5 -1 -5 5 1 -1 -3 2 -4 0 2 -1 3 -4 0 2 -1 2 -5 -4 0 0 4 -3 4 4 -2 0 -4 1 3 0 -3 1 -3 -3 -5 -5 4 -3 0 4 4 2 2 -3 2 -1 0 0 2 2 2 -2 -3 2 -3 0 1 4 4 -3 -1 
-5 1 -3 -5 -2 3 4 3 -1 -4 0 0 -5 3 2 0 1 5 -3 0 0 -2 0 1 3 0 3 0 -1 1 -2 5 2 2 -4 1 -5 4 -4 2 -3 5 5 2 -1 -5 -5 0 -4 5 1 5 -5 -3 -5 -5 1 4 5 1 0 -5 2 -3 1 -4 -2 3 3 2 5 -3 -1 -4 -2 1 5 3 -3 -5 1 0 3 0 -4 2 0 5 -3 -5 3 -4 -2 5 -4 -4 3 1 -5 -4 
-1 -1 -3 0 -2 -4 0 1 5 -2 5 -2 3 -3 0 5 0 2 3 -2 3 -4 4 0 4 5 -4 1 0 3 -1 5 3 -2 -4 1 -2 0 -2 0 0 5 4 -3 1 2 -3 5 -2 1 -1 2 -3 2 3 3 4 0 -3 5 0 2 5 -2 3 5 -5 2 5 0 -5 -1 -2 5 1 -5 3 -1 0 0 0 4 3 4 5 0 0 0 -3 -3 -3 -2 5 2 -5 4 4 -3 2 -4 
1 -3 1 1 0 2 1 1 5 5 -5 -1 2 2 4 5 3 -5 0 4 -2 -5 2 0 -5 4 4 0 3 -3 -4 -3 3 1 -3 2 -5 5 -3 2 0 1 4 0 1 0 -3 -2 0 0 1 3 1 1 3 -4 -5 0 4 5 2 -2 -4 -1 0 0 -4 -5 0 0 5 1 5 1 2 2 4 -3 -5 0 4 3 -5 -2 -2 -4 3 -2 -5 5 2 -3 -3 -2 3 2 -5 2 -2 0 
0 -5 4 -3 4 2 -3 -3 -3 -5 1 -1 5 0 0 4 5 0 0 0 0 -5 0 2 2 3 -1 -2 1 -4 5 -1 0 3 -1 3 -2 0 4 4 -4 -1 2 1 1 1 5 1 -2 0 3 0 -5 3 -2 -3 0 5 -2 4 -5 5 5 0 5 5 0 -4 1 3 -2 0 4 -1 5 -5 -1 4 5 -5 -2 -4 -3 2 3 -4 5 4 -2 -1 -1 3 -2 2 5 -4 -3 -3 -4 3 
-3 4 -5 1 -3 -3 5 -5 1 -2 1 0 -2 -4 -2 3 5 -4 0 -4 -3 2 2 5 1 0 -1 2 5 4 -4 4 -3 0 1 -1 3 3 0 3 0 5 5 -1 -1 4 -2 -2 4 -3 -5 0 0 2 -4 -4 5 -4 0 1 2 4 4 4 2 2 -4 -3 -4 4 0 4 -4 0 2 -4 4 -3 -1 -5 4 -3 3 -4 -2 2 -1 0 -3 -5 -4 3 -2 1 4 -1 4 -3 2 0 
5 -3 -2 -3 4 -3 -1 -5 3 -1 1 -2 4 -1 2 -2 4 -5 -2 5 2 1 5 -4 -1 5 -5 -3 2 -1 0 2 4 0 5 -5 0 1 -4 5 -4 -5 4 2 -5 0 -4 0 3 0 -3 0 -4 0 5 4 -1 0 -4 -5 -4 -5 -1 2 0 0 3 1 -3 0 3 3 -3 -2 0 -2 -1 1 -4 1 3 4 0 -2 -1 4 5 4 0 3 5 -3 -1 -5 -4 -3 1 -1 0 -4 
-2 -3 3 -5 2 0 -2 -3 4 0 4 -3 1 -4 4 0 0 0 3 0 -2 -2 3 -4 -3 -3 0 2 0 2 3 1 -5 5 -2 -1 -1 -5 -3 -3 4 -1 -1 0 -2 1 -4 -5 0 -1 -3 2 4 4 4 -2 -1 2 3 2 2 3 0 0 5 -3 -3 0 3 1 0 -4 4 0 2 4 -5 0 -2 3 -5 0 -4 -4 4 0 2 4 3 1 -3 -2 0 2 1 0 5 -4 5 4 
5 2 0 -4 2 3 5 -1 -5 1 0 -4 0 -2 3 4 -1 2 -5 -3 -5 2 5 2 0 0 4 5 -4 -1 -1 -5 1 -2 0 1 -4 0 5 -2 0 -4 1 -2 -3 2 2 5 -1 0 5 -5 2 -1 5 -4 -2 4 -5 -3 2 0 -5 -3 1 -2 -3 3 0 -5 2 0 -4 0 -4 4 -2 -4 1 -2 2 1 3 5 -1 -4 1 4 2 0 0 -4 -3 0 -2 0 1 1 -5 -2 
-4 3 -1 2 -5 0 0 1 -3 4 -3 5 -2 3 -1 -4 -4 -1 3 0 5 5 0 -3 1 2 -1 0 4 -3 -3 0 -4 2 3 1 -3 -2 4 0 5 3 3 -2 0 4 -2 1 5 -1 2 2 0 1 0 -4 -2 -4 -5 0 0 -3 4 -3 -3 -2 -1 5 5 -2 -3 4 -1 0 -3 0 -3 -2 1 1 -1 -3 -4 -5 5 -3 2 3 -3 -3 0 5 -5 -5 -4 -2 -2 4 -3 5 
-4 -4 -5 0 1 2 -1 4 3 1 -5 -2 -4 -3 1 2 3 -3 -4 1 1 -2 0 3 -5 1 4 -1 2 -1 -3 0 -1 3 4 3 5 -2 -5 5 5 4 3 -4 0 0 -1 0 4 -1 -5 -4 2 0 2 5 -3 5 5 -1 -1 2 1 0 -2 -4 2 0 2 -2 1 0 -2 2 -4 0 -4 3 4 -3 0 0 -1 -3 -3 -5 -5 0 2 -5 -1 -4 2 0 -4 -2 -3 -1 3 0 
-4 -1 0 -5 0 -4 -2 -5 1 2 -5 3 -1 -2 -5 5 -1 4 -3 -2 1 5 0 -4 3 5 -2 -2 4 5 -1 3 2 5 3 4 3 -5 -5 -2 2 2 1 3 5 2 -4 0 -4 0 3 -2 4 -1 0 -3 -2 3 -4 -2 0 4 0 2 0 -1 -3 -5 3 -2 -1 1 -2 0 -2 2 -3 4 1 0 0 0 2 -4 -1 3 5 0 2 1 -3 5 3 2 5 2 3 -1 -2 4 
-5 0 1 2 -1 0 -3 -1 4 -5 3 0 -2 -4 1 1 3 0 0 -5 0 0 3 2 0 -1 0 1 1 3 -4 1 2 -1 5 -3 3 2 2 1 -4 -4 5 -4 -1 -4 -2 -5 -1 4 1 -1 5 1 -2 -2 -2 0 5 -3 4 -2 1 1 2 -1 4 -5 4 -5 0 3 0 -1 -5 0 0 0 0 -2 0 1 4 0 5 -4 -3 1 3 -4 3 -2 0 -3 5 4 4 -4 3 0 
1 1 0 4 5 0 -2 -3 -1 -2 2 5 0 3 -3 0 2 -5 -5 -5 -1 -4 -2 1 0 5 1 5 -3 3 0 -2 1 -1 -3 -5 -4 -4 0 4 1 4 4 -5 0 -4 2 -5 2 -5 4 4 2 0 0 3 5 -3 -2 2 4 3 5 -4 0 5 -2 -2 -3 -4 -3 -5 4 0 2 -5 2 1 4 -3 -3 4 -1 -3 -3 0 0 -5 -4 1 -4 -3 1 -5 -1 3 5 0 -5 3 
0 2 -5 0 2 -1 2 0 0 -3 2 0 2 3 4 -5 -5 0 5 4 -1 -1 -1 4 -2 -5 0 3 -1 -1 1 1 0 -2 1 2 2 -1 -2 2 -1 -4 -1 5 -4 -1 5 -4 2 -5 1 -2 -2 5 -1 -5 -3 0 2 -4 5 -5 5 -2 3 5 -3 0 0 2 0 0 -1 0 3 -5 -3 3 -1 -1 -5 3 -3 -5 4 0 5 -1 4 0 1 -2 4 5 -4 3 2 2 0 -5 
-2 3 3 2 2 0 5 -4 -5 -1 -5 -3 -5 -2 5 0 2 4 4 0 -4 0 -2 -1 -4 -2 -4 -2 -2 4 2 5 1 5 -1 4 5 4 3 4 -2 0 -5 0 2 -5 3 -1 0 0 0 2 -3 5 0 3 0 5 3 -2 5 0 3 1 4 -4 2 -4 -3 -2 -3 3 4 5 -1 5 0 3 1 3 -2 -3 0 -5 -4 -3 0 0 1 0 -2 -5 0 -5 1 -1 3 1 -2 -4 
-2 -1 4 2 5 4 -1 -1 2 -5 -3 4 3 5 -2 0 0 5 -3 -3 3 0 -2 -2 4 -5 5 -3 -2 -4 -3 -1 1 1 -5 -5 0 -5 0 -2 -3 -2 -2 -5 1 4 1 0 -5 -3 -1 -5 -3 4 0 -2 5 -2 5 -5 1 2 -3 2 0 -3 -5 1 -1 3 -1 -1 -2 1 -5 0 1 -3 -5 -5 3 1 -3 -4 4 0 -4 4 2 0 -4 -3 5 -5 -2 5 5 1 -2 -4 
0 0 4 2 4 -4 2 -1 -2 3 -4 3 0 -3 1 3 0 4 -5 -3 -2 4 1 0 -1 -1 0 2 5 0 2 -3 -3 5 -3 -2 -2 3 4 -4 0 -5 4 4 -4 0 5 -3 0 -2 5 1 3 2 -2 3 -3 3 -4 -3 -5 3 4 0 -4 3 4 -5 0 0 4 5 -2 4 -2 -3 -2 -5 2 -4 3 -4 -3 2 0 -2 -2 -3 1 -3 -4 3 -4 0 -2 3 -5 3 1 2 
-2 4 1 5 1 -1 2 -5 -1 -4 1 -4 0 -2 -2 -3 -4 -4 5 1 3 3 2 4 4 -3 -5 5 0 -1 0 5 5 -2 3 -1 -5 1 -3 -4 1 -1 3 -3 -4 0 -4 1 -2 5 -1 -5 0 4 -2 1 -2 -5 5 -2 0 -3 0 0 1 -3 -5 1 -5 -1 -5 -2 -4 4 2 2 5 2 2 0 1 -4 -4 -4 -3 1 -2 -2 0 0 -4 -4 5 -2 3 1 5 0 3 0 
-5 -2 1 3 3 5 -2 -4 -3 -1 0 1 -3 1 5 -4 4 0 2 0 1 3 -3 -2 0 5 -5 1 5 0 5 -4 -3 1 5 -3 4 4 2 -2 -5 0 -2 4 0 -5 -4 -5 3 0 3 1 1 1 2 0 -2 4 0 -3 0 3 0 -1 -2 -1 0 -1 0 0 -5 4 1 -2 3 4 -2 -4 -2 5 0 -5 -2 0 0 0 -4 4 1 4 -1 -3 1 -3 5 -4 2 -3 0 -4 
1 2 -1 5 -5 -4 -1 2 -4 5 0 5 3 4 0 0 2 2 -4 0 -4 2 5 4 -3 5 3 4 1 -4 0 2 1 -3 0 -2 -2 -2 1 0 0 -2 2 -4 3 1 2 2 5 2 -3 4 4 -4 -4 3 1 2 -5 5 3 -5 3 2 0 -4 5 0 5 -4 0 -4 0 -5 -1 2 3 5 4 -4 -1 0 4 -4 -3 1 -4 0 0 -2 -3 3 3 2 -2 3 5 4 4 5 
1 3 3 -3 4 1 -3 -5 0 1 1 5 4 -3 -1 -4 3 -1 -2 1 -1 2 1 2 -1 -5 3 -5 1 0 3 0 3 -5 3 -1 -5 -4 -2 -1 0 0 -1 -4 0 -3 -5 -5 -5 -4 3 0 2 5 0 1 0 -2 -2 -1 -2 5 -3 -1 -3 -2 -3 -4 4 2 -1 0 -5 0 4 -3 1 3 5 -1 -5 -1 -3 3 -3 -1 3 4 0 0 -3 -3 -2 4 -1 4 -3 4 0 0 
-3 2 1 -2 -2 0 1 -2 4 -1 -5 2 3 5 1 -2 -1 -1 0 4 -5 -3 3 0 1 0 5 5 0 -5 -4 0 5 0 -3 -5 0 5 5 -2 3 -1 -5 -4 0 -3 -3 0 2 -2 1 4 5 0 -5 -5 3 -5 -2 -2 0 0 2 5 -2 -4 -2 3 -2 -2 0 0 -5 -2 0 4 -4 -2 5 -4 -5 -4 4 0 -2 -3 3 1 -3 1 -3 0 -3 -5 -1 -3 -2 3 -5 2 
-1 -3 3 -5 2 5 3 2 2 1 4 -1 -2 2 0 -1 -2 -4 4 2 -1 -1 -5 0 3 0 -3 3 3 -2 0 -2 -3 3 4 4 0 -4 -1 4 4 -4 -1 2 -1 -5 -5 0 -1 -3 5 2 2 4 -2 -3 0 -2 -2 0 -5 4 1 2 -2 -2 1 0 -2 -2 -2 4 5 2 0 2 4 0 -5 -5 0 1 1 3 -3 4 0 0 0 4 -3 -3 5 5 -4 -2 -5 3 1 2 
5 -4 1 -4 2 -4 0 3 -3 5 0 -5 -2 2 -2 -5 4 3 -1 -5 -2 -5 -5 1 0 -3 5 -1 -5 -5 4 4 5 4 2 -2 -4 -5 -3 -3 3 4 0 -3 5 0 0 2 -5 5 4 -4 1 -5 -1 5 5 -2 0 5 0 -1 3 0 -5 -1 1 -2 0 -3 0 -5 4 0 -5 1 5 -2 3 -3 -3 5 0 0 -3 -5 0 -5 -1 1 -2 1 4 1 -5 -2 1 3 0 4 
4 -5 -1 -5 5 0 0 -1 1 -5 0 -4 0 -2 4 4 5 5 -3 5 0 -4 -3 2 4 2 5 3 -4 2 5 -2 5 3 2 -3 3 1 -4 0 -5 5 4 -4 0 2 5 2 -3 -3 0 3 -2 4 -4 4 0 -2 -4 1 0 2 2 -5 -5 -4 -1 -1 0 3 -3 -4 -4 0 1 3 1 -4 -1 -2 0 0 1 -5 -3 -2 -1 -2 -1 3 -3 -5 4 -1 -4 -3 -2 3 0 -5 
0 5 -5 -2 3 0 -2 -4 -4 3 -5 -4 0 4 2 5 0 0 5 0 0 5 0 -2 1 -3 -3 3 -2 5 0 4 -4 -4 2 3 2 -4 -4 -3 -4 -3 0 -1 -3 -4 -4 0 4 5 4 -1 -2 5 -3 0 2 1 -2 2 -2 3 5 0 4 2 -1 1 2 1 -1 5 -2 2 2 0 4 -2 5 4 3 -4 2 0 3 5 0 -3 -2 -5 4 -4 -3 0 -3 0 5 4 -3 5 
0 -4 0 1 0 -2 -4 0 -2 5 4 0 -2 -4 -1 -4 0 -2 5 0 5 0 5 -1 -2 4 0 -1 -4 -4 -3 -3 -3 0 2 0 1 5 -1 -1 -5 0 1 4 -3 -5 -2 3 -1 -4 0 3 -2 -1 -4 1 -1 0 -4 -2 1 2 0 -2 -4 4 0 2 5 3 -4 -3 1 1 -1 -4 4 -3 0 1 5 5 4 0 1 -5 0 -4 2 -2 3 1 -1 -2 1 -1 0 5 -1 -1 
4 1 -4 -5 -3 -2 -1 -2 -5 -5 -5 0 5 0 -3 -3 -1 -5 0 2 2 5 0 4 -5 1 -3 -4 -3 -1 -3 3 -1 -2 -1 0 -2 4 -5 3 5 -2 1 3 -5 -3 -3 1 4 0 1 -2 1 2 4 -2 4 0 -2 -1 -1 2 0 -2 4 0 -5 2 2 1 5 2 4 4 -4 1 3 -4 2 -3 -4 -5 -4 -5 -1 -1 -4 0 0 -4 -1 2 -1 -2 -1 -2 2 0 -4 -2 
0 -1 3 0 -5 -2 -5 -3 -5 1 4 1 5 -2 -3 4 0 -4 -1 -4 2 -4 -2 -1 -3 2 5 -2 -2 -2 0 4 0 5 -4 1 3 1 5 -2 -1 0 1 -1 -1 5 -4 2 -1 -4 -3 -4 -3 0 -3 2 2 -3 3 -4 -4 0 5 3 1 -3 0 -1 3 3 3 -4 3 4 -4 -2 4 0 2 -3 4 2 2 -5 0 2 -3 4 -4 -2 -3 -3 0 5 -1 -4 -2 5 -2 -1 
36 -40 -59 37 -47 -29 -4 12 49 45 37 49 -31 16 20 19 -26 -30 -21 18 
43 16 43 -3 37 -5 -11 -46 4 38 27 -38 35 30 37 59 -29 26 -55 52 
-25 -48 30 33 -42 -55 54 26 54 -23 47 13 28 31 -53 54 -10 -50 -24 12 
-17 16 -1 13 3 -34 -56 -7 34 -44 15 -58 25 -38 -12 -34 42 12 -29 -59 
34 4 39 -5 21 -32 -54 -58 -51 -45 -51 28 -59 45 44 8 52 -52 15 24 
21 -35 2 16 57 -2 -28 -54 41 -18 34 -28 46 -2 28 13 -38 37 -32 -34 
-18 41 -23 -54 -5 36 -44 -2 38 1 4 -24 39 -41 42 48 -57 -3 -26 26 
-29 25 -39 -14 7 -50 4 41 -21 21 -18 27 -29 19 -3 -57 -27 21 -4 -27 
43 -31 -38 37 -24 16 -52 -49 11 -49 20 59 9 -24 0 -7 -39 -22 -37 -2 
58 -43 -24 -53 -50 16 -3 27 36 -28 -29 -21 -41 -26 57 12 -23 31 -19 55 
-38 -43 36 -51 -57 48 42 -58 -17 -47 -32 23 -26 -46 46 -52 48 21 50 -17 
47 21 -44 2 42 10 59 -12 29 11 12 24 -11 53 -1 23 -27 59 -57 45 
25 19 -54 30 19 12 -24 -40 -38 -6 -26 1 -15 41 53 7 -27 -37 -4 50 
-51 -30 -34 -55 -24 44 18 -56 56 33 -38 -38 1 -34 0 -27 19 -30 2 -35 
15 -34 12 6 -46 -56 1 57 -9 -28 -37 7 37 -13 -1 -24 -40 -56 52 5 
-4 -7 1 -32 38 -58 -8 -12 -56 6 -57 57 -38 -21 -35 3 -20 -17 8 10 
-50 50 5 44 -39 -6 -48 12 -38 36 -47 -57 46 8 -54 44 55 31 -41 -40 
-27 55 5 27 13 54 21 5 -20 -35 22 -30 56 3 -9 -9 43 26 -53 -24 
43 -37 -4 0 -22 -10 50 -55 18 -40 -29 -57 10 -8 23 33 -38 59 53 50 
-41 41 20 51 -6 48 -11 57 -44 59 33 35 3 21 -11 51 -4 -19 39 -19 
0  0  0  0  0  0  0  0  0  0  0  0  0  0  0  0  0  0  0
0  0  0  0  0  0  0  0  0  0  0  0  0  0  0  0  0  0  0
0  0 10 10  0  0 10 10  0  0  0 10 10 10 10 10  0  0  0
0  0 10 10  0  0 10 10  0  0  0  0  0  0  0 10 10  0  0
0  0 10 10  0  0 10 10  0  0  0  0  0  0  0 10 10  0  0
0  0 10 10 10 10 10 10  0  0  0  0 10 10 10 10  0  0  0
0  0  0 10 10 10 10 10  0  0  0 10 10  0  0  0  0  0  0
0  0  0  0  0  0 10 10  0  0  0 10 10  0  0  0  0  0  0
0  0  0  0  0  0 10 10  0  0  0 10 10 10 10 10 10  0  0
0  0  0  0  0  0  0  0  0  0  0  0  0  0  0  0  0  0  0
0  0  0  0  0  0  0  0  0  0  0  0  0  0  0  0  0  0  0
	3 2 2 -1 0 0 1 -2 -3 -1 3 0 1 -1 0 3 0 0 0 -3 -1 -3 3 -1 1 2 2 -3 -3 3 -3 2 -1 2 0 3 -1 0 3 -1 2 1 0 -1 1 0 -1 3 -3 -3 
-3 2 -1 3 -1 -3 0 0 -3 0 0 0 0 -1 3 0 -1 0 1 3 1 1 0 2 1 0 -2 1 -3 3 -3 0 2 2 -3 -1 2 0 0 -3 1 1 0 0 2 3 -1 -1 1 -2 
0 -3 -1 1 2 0 -1 3 -2 -1 1 2 -2 -3 -1 1 -3 2 0 0 2 0 1 3 -3 -1 1 0 2 -3 3 -1 3 -2 -2 0 1 2 -3 2 -3 -2 2 0 1 -3 -2 0 -2 1 
-1 0 0 -2 1 -2 0 0 -1 -1 1 0 -3 3 3 2 0 0 0 0 -2 3 0 3 2 1 1 2 0 -3 -3 0 -3 -2 -2 0 1 -2 0 0 -3 -3 0 2 -3 -3 1 0 2 2 
1 -3 -2 -2 0 3 0 0 -2 2 -2 3 -2 -2 0 -2 2 3 0 0 -1 -1 1 -1 1 0 1 0 -2 0 3 -1 3 -3 0 2 -3 0 0 1 0 0 -3 0 1 -2 1 -1 -2 -2 
-2 -1 3 -2 0 1 -3 3 1 2 2 3 0 -3 -1 1 -1 2 0 1 1 -1 -2 -2 -3 3 0 0 -1 0 2 -3 -1 3 0 1 -3 0 0 -3 2 0 1 0 1 -3 -3 0 1 1 
-3 0 3 0 0 -2 1 -2 0 -1 0 1 -3 2 -2 -2 2 0 -1 -1 0 -3 -1 0 -1 0 0 -2 2 2 3 -3 1 -2 -1 -1 0 1 -1 0 0 2 -1 1 0 -3 -1 -2 0 2 
-1 -3 0 -1 -2 3 -3 -3 2 2 1 0 -1 2 -2 2 0 1 2 -3 3 0 2 3 -3 -3 3 0 0 -2 2 -2 -2 0 3 -1 2 0 0 1 2 0 -2 -2 -2 -2 3 -3 -3 0 
2 2 3 0 3 -3 0 -3 0 -1 1 -3 0 1 -2 1 2 -3 -1 0 1 0 -1 0 1 3 -1 3 3 -2 1 3 -2 2 0 0 1 1 2 0 3 2 1 -2 2 -1 -3 0 0 2 
-2 -1 2 -2 2 -3 0 3 -2 3 0 -2 -1 -2 2 -2 -3 -1 -1 -2 -1 1 1 -1 0 -3 3 -1 2 -2 2 -3 0 0 -3 -2 -1 2 2 2 2 1 1 2 0 0 2 3 0 1 
-2 0 -2 0 2 -2 3 -2 2 0 0 3 -1 0 1 -1 -2 -3 2 0 -3 0 -3 1 -3 1 -1 -2 1 1 0 3 3 -2 -1 0 3 0 -2 0 2 2 3 0 -2 -1 0 2 -2 0 
-3 0 0 -1 -2 0 -2 2 -3 -2 0 -1 2 3 0 0 -3 0 1 1 0 -3 0 0 -1 1 3 -1 0 0 -3 1 -3 -2 1 -1 -2 -1 3 2 -2 -1 1 2 -2 -3 1 3 2 0 
-3 3 -3 -1 -2 0 3 2 0 -1 0 3 2 1 -2 3 -3 2 -2 0 -2 3 1 -1 2 3 -2 2 1 3 1 3 1 -3 3 -2 2 -2 1 2 -1 -3 0 -2 1 3 -1 1 3 0 
1 3 0 0 0 0 0 -2 1 0 3 -2 -2 2 2 2 -3 0 0 1 0 -1 2 1 -2 0 0 3 -2 0 0 1 1 -2 -2 -2 1 1 3 -3 0 1 0 0 0 3 -2 3 0 3 
-1 2 -1 1 0 -1 2 0 -3 2 -1 2 2 3 2 2 -2 1 0 0 2 0 -2 -3 1 0 -3 2 0 2 -1 -2 -3 0 3 -3 3 -3 -2 1 -3 1 0 0 0 1 -3 -2 0 -1 
1 3 0 3 1 0 -2 0 -2 -2 -2 -1 -2 -1 -2 1 -3 2 0 0 0 -1 0 2 -3 0 3 -3 -2 -2 3 3 -1 2 -3 -2 0 -3 -1 -3 3 0 2 -2 -2 -2 3 0 -2 2 
1 0 1 -1 3 -2 0 0 2 0 0 0 -3 -2 0 1 1 0 -3 -2 -3 2 -3 1 2 0 3 1 1 0 -1 -3 1 -2 -1 -3 2 3 -1 3 0 -3 2 1 -3 0 -1 -3 -3 2 
-3 2 0 3 0 0 1 2 -2 -1 0 -3 -1 0 0 -2 3 0 3 3 0 -2 3 -2 -1 -2 -2 -1 -3 0 -1 0 2 0 -1 0 1 -1 -1 3 0 0 0 -2 -3 2 0 -3 0 3 
-1 2 3 0 -1 -1 -2 0 3 0 0 2 3 -2 0 -2 0 3 2 1 0 -1 3 -3 -3 3 2 0 0 2 0 3 0 1 -1 -1 2 -3 -1 -2 0 0 2 -1 1 0 -2 2 -3 2 
-2 2 -3 0 0 0 -2 3 1 0 -3 -3 0 0 3 2 0 -2 3 2 0 1 0 1 0 3 0 0 2 1 1 -1 2 0 3 -1 2 2 0 1 0 0 1 3 -1 2 3 3 3 0 
0 2 0 -1 0 -2 -1 -1 -1 -2 -1 -2 -1 3 -3 -1 0 3 0 3 0 2 2 -3 0 -3 1 3 -2 0 0 -2 3 0 0 2 0 -3 2 -3 0 -2 -3 -3 2 2 0 -1 1 1 
3 -3 2 -1 -1 -1 0 0 2 1 2 -2 -1 -3 3 -1 3 0 -3 3 2 2 0 3 2 -2 3 -1 -2 3 -1 3 -2 -2 0 3 -1 1 1 -2 -1 -1 -3 3 1 0 2 0 1 -2 
0 3 -1 2 -1 3 2 1 0 3 -1 2 1 -2 -2 -3 0 3 -3 2 -3 0 -2 0 1 3 -2 0 -3 0 -2 -1 0 -1 0 1 0 -2 -3 0 0 2 1 0 2 0 3 1 -3 1 
1 -1 2 -3 2 -3 0 0 3 -3 0 -3 -2 0 -2 0 -1 0 -2 0 0 0 3 0 0 3 1 2 1 0 0 1 1 2 -3 1 0 3 0 3 3 0 3 0 2 -2 2 3 3 2 
0 -1 0 0 3 1 2 0 0 2 -3 -2 1 0 -2 2 0 2 -3 -2 -3 0 3 0 2 0 -2 1 0 -3 3 3 -3 -3 2 -2 -3 -1 0 -3 0 1 0 0 2 2 1 0 1 -2 
3 3 3 1 -2 3 -2 2 2 -2 2 -3 -2 3 1 2 0 0 -2 3 -1 0 1 2 0 -1 2 0 -1 0 0 0 2 -2 3 0 2 3 0 3 -3 0 0 0 1 3 0 -1 3 -1 
-2 -3 2 -1 -1 -2 0 0 0 0 1 3 -3 1 0 -1 0 -3 2 -2 0 1 -1 0 0 1 0 3 0 0 3 -1 -3 1 3 3 0 -1 0 3 -1 -1 -3 -3 3 -3 0 0 0 1 
0 -1 0 0 2 -1 -3 -2 0 2 3 2 0 -1 0 -3 3 -1 0 2 -1 -1 -2 2 0 0 0 -1 1 0 -3 0 1 3 1 3 0 0 -3 0 2 3 0 1 3 3 -2 -3 -1 -1 
3 -1 0 1 -3 -1 0 0 -2 -2 -2 2 1 -3 0 -3 3 2 2 2 1 0 0 -3 3 1 3 3 -3 -2 0 0 3 1 -1 0 0 3 -3 -2 -2 2 0 1 0 0 0 -2 3 0 
3 3 2 -2 3 1 -2 0 0 -3 0 -1 -1 -2 2 3 -1 2 0 1 1 2 2 -2 1 0 0 -1 -2 0 3 3 3 0 0 3 2 1 -3 3 0 0 0 0 3 -1 -2 3 -1 0 
2 -2 -3 -1 0 2 -2 0 1 -1 0 -2 3 3 2 -3 2 -2 2 1 3 3 -1 -3 0 -2 -2 -3 -3 2 0 1 -2 -3 2 -3 0 0 0 0 2 0 -1 -2 3 0 1 1 3 2 
0 3 0 -1 -2 0 -3 0 0 0 2 3 0 3 0 2 0 -1 -1 -2 0 2 0 -1 2 1 -1 3 0 -3 -1 2 3 0 1 -3 -1 0 0 -2 1 -3 0 1 -2 1 1 0 -3 1 
0 0 3 -1 0 -1 3 1 2 0 -1 0 -3 0 -2 0 1 0 -1 2 2 0 3 0 1 -2 0 -3 2 2 0 3 3 -1 -2 -3 -2 -3 0 2 2 -1 3 -2 0 0 -1 -1 0 0 
2 0 -2 -2 0 0 0 2 -1 2 3 1 -3 2 1 -1 0 -1 2 0 -2 -2 -2 0 -1 2 3 0 3 0 1 0 2 -3 0 1 -3 2 1 -3 2 -1 2 -3 0 1 -1 0 2 -1 
3 -3 -3 -3 2 0 3 0 2 2 0 -1 0 -3 0 3 -1 0 3 0 0 -2 0 3 -1 -2 -1 -2 -3 0 -3 0 0 0 0 0 -2 0 2 -2 3 0 1 0 3 2 0 0 -1 0 
-1 1 0 1 0 2 3 -3 0 -3 2 -3 -3 2 -1 -1 0 3 1 0 3 -2 -2 2 -3 3 0 3 2 -2 -1 -1 -1 2 1 0 1 0 3 -3 0 -1 1 3 3 -1 0 1 3 0 
3 -1 -3 0 2 1 3 0 -3 0 3 0 0 2 -3 0 -3 1 3 0 3 0 0 1 3 -3 1 3 2 3 -3 2 -1 -2 2 -2 0 1 -2 1 -1 0 0 1 0 -2 -3 0 -1 -3 
-2 1 3 2 3 1 -3 1 0 -3 3 1 0 -1 -3 -1 0 3 -3 0 3 0 1 2 -2 -3 -3 2 -1 3 1 1 -1 0 -2 -3 -1 -2 -3 1 0 0 3 0 -2 0 3 1 0 1 
2 -2 -3 -1 1 0 2 -2 -3 0 -2 0 2 -2 -2 0 -2 -3 -1 2 0 0 3 3 2 -2 1 1 2 0 -3 -1 0 1 3 1 -3 1 0 3 1 0 1 1 3 0 2 2 0 2 
0 0 0 2 3 -3 0 -2 -1 1 0 1 -1 2 -3 -3 0 0 0 2 3 -3 0 0 2 -3 1 0 1 -1 0 0 -2 2 1 3 1 -1 -3 3 0 0 0 -2 -1 0 -1 -3 1 -1 
2 1 1 3 3 0 1 -1 -2 3 2 -3 -3 -1 1 -1 0 -2 3 2 1 3 3 2 2 0 -1 1 0 0 0 -1 0 -2 0 1 0 3 -3 -1 1 -3 0 1 2 3 2 -2 1 -2 
-1 -3 1 -2 0 -3 2 -3 -2 -1 -1 0 0 1 -1 3 2 2 1 3 2 0 1 2 -2 -2 -2 1 -1 0 3 3 2 -3 -1 2 3 -1 2 -2 3 3 3 -2 0 2 -1 3 2 2 
-2 1 1 -1 -1 0 0 -1 1 1 0 1 3 0 0 1 1 1 0 -2 -3 -3 -2 -2 -3 -3 2 3 2 1 2 -1 1 -3 -2 2 0 2 -2 0 1 -1 1 -2 -3 0 -2 -3 1 1 
0 -1 2 1 2 0 -1 1 0 -2 -2 -1 3 -2 2 0 -1 1 0 1 1 0 -3 -3 -1 3 3 -1 1 0 2 0 -3 0 -1 0 1 3 3 -3 -1 0 1 3 1 -3 0 -2 -2 -3 
3 2 0 -1 2 2 0 1 -3 2 1 1 0 3 3 -3 0 2 2 -3 1 -3 3 0 -1 -1 0 0 -3 1 0 -1 3 0 2 -3 -2 0 -2 1 1 -1 0 -3 -1 1 2 0 2 1 
0 0 3 2 1 -2 3 0 3 -1 2 -3 0 2 0 1 1 2 2 0 -2 0 2 2 -3 -3 3 -3 0 0 0 2 -3 2 0 0 -1 -3 2 -2 2 -3 -2 -3 1 -3 3 -3 2 0 
0 2 -3 -1 3 0 -2 2 -3 3 3 0 1 1 -3 0 0 -3 1 -1 -1 -3 3 1 3 0 -1 0 3 -1 3 0 -3 0 3 3 -2 0 -3 2 0 -2 3 -2 3 3 -1 -2 3 -2 
-3 -3 1 0 -1 -3 1 3 3 0 -1 3 2 -2 1 -2 -3 3 0 -2 0 -3 0 0 1 2 2 0 -3 -3 0 0 2 -1 3 3 -1 3 -3 0 -2 2 2 3 -1 1 1 0 -3 -2 
-2 -3 0 0 1 0 -3 -2 -2 -3 -2 1 3 2 -2 3 0 0 -2 2 -1 2 1 0 -2 3 -2 -2 -1 -1 1 1 0 1 0 1 0 -3 -2 1 0 1 3 2 3 -3 2 0 0 1 
1 -2 -3 -1 2 -3 -1 0 1 3 -3 -3 0 -1 0 0 2 2 -1 3 0 2 3 1 1 1 -2 -1 1 -2 1 -1 -1 -1 2 -3 -2 1 -2 1 0 0 2 -3 0 -1 2 -2 -2 -1 
0 0 1 2 3 4 5 6 7 8 9
0 0 0 1 2 3 4 5 6 7 8
0 0 0 0 1 2 3 4 5 6 7
0 0 0 0 0 1 2 3 4 5 6
0 0 0 0 0 0 1 2 3 4 5
0 0 0 0 0 0 0 1 2 3 4
0 0 0 0 0 0 0 0 1 2 3
0 0 0 0 0 0 0 0 0 1 2
0 0 0 0 0 0 0 0 0 0 1
0  0  0  0  0  0  0  0  0  0
0 10 10 10 10 10 10 10 10  0
0 10 20 15 12 15 17 20 10  0
0 10 15 10 12 15 15 15 10  0
0  5 15 10 12 15 15 13 10  0
0  5 10  5  7 12 12 12 10  0
0  5  7  1  2  7  5  5  7  0
0  3  0  0  1  2  2  2  5  0
0  1  0  0  0  0  0  0  3  0
0  0  0  0  0  0  0  0  0  0
9 9 9 9 9 9 9 9 9 9 9 9 9 9 9 9 9 9 9 9 9 9 9 9 9 9 9 9 9 9 9 9 9 9 9 9 9 9 9 9 9 9 9 9 9 9 9 9 9 9 9 9 9 9 9 9 9 9 9 9 9 9 9 9 9 9 9 9 9 9 9 9 9 9 9 10 9 9 9 9 10 9 9 9 8 6 8 9 9 11 10 9 10 9 9 9 10 9 9 9 9 9 9 9 10 10 9 10 10 9 10 9 9 10 10 9 9 10 9 9 10 9 9 9 9 9 9 9 9 8 10 9 9 9 9 9 10 9 9 9 9 10 9 10 10 10 9 9 9 9 9 9 10 10 9 9 9 9 9 9 9 9 9 9 9 9 9 9 9 9 9 9 9 9 9 9 9 9 9 9 9 9 9 9 9 9 9 9 9 9 9 9 9 9 9 6 10 9 9 9
9 9 9 9 9 9 9 9 9 9 9 9 9 9 9 9 9 9 9 9 9 9 9 9 9 9 9 9 9 9 9 9 9 9 9 9 9 9 9 9 9 9 9 9 9 9 9 9 9 9 9 9 9 9 9 9 9 9 9 9 9 9 9 9 9 9 9 9 9 9 9 9 9 9 10 9 9 9 9 9 10 9 9 9 8 8 10 10 11 11 9 9 9 9 9 9 10 9 9 9 9 9 9 10 9 9 9 10 10 10 10 9 9 10 10 9 9 9 9 9 9 8 10 10 9 9 9 9 8 9 10 9 9 9 9 9 10 10 9 10 10 9 9 10 9 10 9 9 10 10 9 10 9 10 9 10 9 9 9 9 9 9 9 9 9 9 9 9 9 9 9 9 9 9 9 9 9 9 9 9 9 9 9 9 9 9 9 9 9 9 9 9 9 9 9 9 10 9 9 9
9 9 9 9 9 9 9 9 9 9 9 9 9 9 9 9 9 9 9 9 9 9 9 9 9 9 9 9 9 9 9 9 9 9 9 9 9 9 9 9 9 9 9 9 9 9 9 9 9 9 9 9 9 9 9 9 9 9 9 9 9 9 9 9 9 9 9 9 9 9 9 9 10 9 9 9 9 9 9 10 10 9 9 9 9 9 11 10 9 9 9 9 9 9 9 9 10 9 10 9 9 9 9 10 10 9 10 10 10 10 9 10 7 9 9 9 9 9 9 9 9 9 9 10 9 10 9 9 7 10 10 9 9 10 9 9 9 10 9 9 10 9 9 10 10 10 8 10 10 9 9 10 9 9 9 9 9 9 9 9 9 9 9 9 9 9 9 9 9 9 9 9 9 9 9 9 9 9 9 9 9 9 9 9 9 9 9 9 9 9 9 9 9 9 9 9 9 9 9 9
9 9 9 9 9 9 9 9 9 9 9 9 9 9 9 9 9 9 9 9 9 9 9 9 9 9 9 9 9 9 9 9 9 9 9 9 9 9 9 9 9 9 9 9 9 9 9 9 9 9 9 9 9 9 9 9 9 9 9 9 9 9 9 9 9 9 9 9 9 9 10 10 9 9 10 9 9 9 9 10 9 9 10 9 9 9 9 9 9 9 9 9 10 9 9 9 10 9 9 9 9 9 9 10 10 9 10 10 10 10 9 9 6 11 10 10 9 9 10 10 8 9 9 9 9 9 9 8 9 10 9 9 9 10 9 10 10 9 10 9 9 9 9 10 10 9 9 10 10 9 10 9 9 9 9 9 9 9 9 9 9 9 9 9 10 9 9 9 9 9 9 9 9 9 9 9 9 9 9 9 9 9 9 9 9 9 9 9 9 9 9 9 9 9 9 9 9 9 9 9
9 9 9 9 9 9 9 9 9 9 9 9 9 9 9 9 9 9 9 9 9 9 9 9 9 9 9 9 9 9 9 9 9 9 9 9 9 9 9 9 9 9 9 9 9 9 9 9 9 9 9 9 9 9 9 9 9 9 9 9 9 9 9 9 9 9 9 9 9 9 9 10 9 9 9 9 9 9 9 10 10 9 10 9 9 9 9 9 8 9 9 9 9 9 9 9 10 10 9 10 10 9 9 10 10 10 10 10 10 10 9 9 8 12 10 9 9 10 10 9 8 9 9 9 9 9 8 8 10 9 9 9 9 10 9 9 10 9 9 10 9 9 9 10 9 9 9 10 9 9 9 9 9 9 9 9 9 9 9 9 9 10 9 9 10 9 9 9 9 9 9 9 9 9 9 9 9 9 9 9 9 9 9 9 9 9 9 9 9 9 9 9 9 10 9 8 9 9 9 10
9 9 9 9 9 9 9 9 9 9 9 9 9 9 9 9 9 9 9 9 9 9 9 9 9 9 9 9 9 9 9 9 9 9 9 9 10 9 9 9 9 9 9 9 9 9 9 9 9 9 9 9 9 9 9 9 9 9 9 9 9 9 9 9 9 9 9 9 9 10 9 9 9 9 9 9 9 10 9 9 9 9 9 9 9 9 8 10 8 10 8 10 9 9 9 9 10 10 9 10 10 9 9 9 10 10 10 10 8 9 10 8 10 10 10 9 10 10 10 8 8 9 9 9 9 9 9 7 9 9 9 9 9 9 9 9 9 9 9 9 9 9 9 10 9 9 10 9 9 10 9 9 9 9 9 10 9 10 10 9 9 9 9 10 10 9 9 9 9 9 9 9 9 9 9 9 9 9 9 9 10 9 9 9 9 9 10 9 9 9 9 9 9 9 9 9 9 9 10 10
9 9 9 9 9 9 9 9 9 9 9 9 9 9 9 9 9 9 9 9 9 9 9 9 10 9 9 9 9 9 9 9 9 9 9 9 9 9 9 9 9 9 9 9 9 9 9 9 9 9 9 9 9 9 9 9 9 9 9 9 9 9 9 9 9 8 9 9 9 9 9 9 9 9 9 9 10 9 9 9 9 9 10 9 9 9 9 9 9 10 8 10 9 9 9 9 10 10 10 10 10 9 10 10 10 10 10 9 7 8 10 6 11 10 9 8 10 9 9 8 10 9 9 9 9 8 10 6 10 9 9 9 9 10 9 9 10 9 9 9 9 9 10 9 9 9 10 9 9 10 9 9 9 9 9 9 9 9 9 9 10 9 9 9 9 9 9 9 9 9 9 9 9 9 9 9 9 9 9 9 10 9 9 9 9 9 9 9 9 9 9 9 9 9 9 9 9 10 10 10
9 9 9 9 9 9 9 9 9 9 9 9 9 9 9 9 9 9 9 9 9 9 9 9 9 9 9 9 9 9 9 9 9 9 9 9 9 9 9 9 9 9 9 9 9 9 9 9 9 9 9 9 9 9 9 9 9 9 9 9 9 9 9 9 9 9 9 9 9 9 9 10 9 9 9 9 10 9 9 10 9 10 9 10 9 9 9 9 9 9 8 10 9 9 9 9 10 10 10 10 10 10 10 10 10 9 10 9 9 11 10 7 11 10 9 8 10 9 9 9 10 9 9 8 9 8 8 7 10 8 10 9 10 9 9 9 9 9 9 10 9 10 10 9 9 9 10 9 10 9 9 9 9 9 9 9 9 9 10 9 10 9 9 9 9 9 9 9 9 9 9 9 8 10 9 9 9 9 9 9 9 9 9 9 9 9 9 9 9 9 9 9 9 9 9 9 10 10 10 10
9 9 9 9 9 9 9 9 9 9 9 9 9 9 9 9 9 9 9 9 9 9 9 9 9 9 9 9 9 9 9 9 9 9 9 9 9 9 9 9 9 9 9 9 9 9 10 9 9 9 9 9 9 9 9 9 9 9 9 9 9 9 9 9 9 9 9 9 9 10 9 9 9 10 9 9 10 9 9 10 9 10 9 10 9 10 9 9 10 9 8 10 9 9 9 10 10 10 10 10 10 10 10 9 10 10 10 7 10 10 8 9 10 9 9 9 10 9 8 9 9 9 10 8 9 9 6 8 10 9 10 9 9 9 9 10 9 9 10 9 9 10 10 10 9 10 9 9 9 9 9 9 9 9 9 9 9 10 9 9 9 9 9 9 9 9 9 9 9 9 9 9 9 10 9 9 9 9 9 9 9 9 9 9 9 9 9 9 9 9 9 9 9 9 9 10 10 10 10 10
9 9 9 9 9 9 9 9 9 9 9 9 9 9 9 9 9 9 9 9 9 9 9 9 9 9 9 9 9 9 9 9 9 9 9 9 9 9 9 9 9 9 9 9 9 9 9 9 9 9 9 9 9 9 9 9 9 9 9 9 9 9 9 9 9 9 9 9 10 10 9 9 10 9 9 9 10 9 10 9 9 10 9 9 9 9 9 8 10 9 8 10 9 9 9 10 10 10 10 10 9 10 10 9 10 10 8 7 11 9 7 8 10 9 8 10 10 9 8 9 9 9 9 9 8 8 8 8 9 10 9 9 9 9 10 9 9 9 9 9 10 9 10 9 9 10 9 9 10 9 9 9 9 9 9 9 10 9 9 10 9 9 9 9 9 9 9 9 9 9 9 9 9 9 9 9 9 9 9 9 9 9 9 9 10 9 9 9 9 9 9 9 10 9 10 10 10 10 9 9
9 9 9 9 9 9 9 9 9 9 9 9 9 9 9 9 9 9 9 9 9 9 9 9 9 9 9 9 9 9 9 9 9 9 9 9 9 9 9 9 9 9 9 9 9 9 9 9 9 9 9 9 9 9 9 9 9 9 9 9 10 9 9 9 9 10 9 9 9 9 10 9 10 9 9 9 9 9 10 9 9 9 10 9 9 9 9 9 10 9 8 10 9 9 9 9 10 10 10 10 9 10 10 9 10 10 10 10 10 9 8 10 10 9 7 10 10 8 8 10 9 9 9 9 8 9 6 9 10 10 9 9 9 10 9 9 10 9 9 9 10 9 9 9 9 9 9 10 9 9 9 9 9 9 9 9 9 9 10 9 9 9 10 10 9 9 9 9 10 9 9 9 9 9 9 9 9 9 9 9 9 9 9 9 9 9 10 9 9 9 9 9 9 9 10 10 9 10 9 9
9 9 9 9 9 9 9 9 9 9 9 9 9 9 9 9 9 9 9 9 9 9 9 9 9 9 9 9 9 9 9 9 9 9 9 9 9 9 9 9 9 9 9 9 9 9 9 9 9 9 9 9 9 9 9 9 9 10 9 9 9 9 10 9 10 10 9 9 10 9 10 10 10 9 9 10 9 10 9 9 8 9 9 9 10 9 9 9 9 9 9 10 9 9 10 10 10 10 10 10 9 10 10 9 10 10 9 10 9 9 9 8 9 8 8 11 9 9 9 9 8 9 9 9 9 9 6 10 11 10 9 9 9 9 9 9 9 9 9 9 10 9 9 9 10 9 10 9 9 9 9 9 10 9 9 9 9 9 10 10 9 9 9 9 9 9 9 9 10 9 9 8 9 9 9 9 9 9 9 9 9 9 10 10 9 10 10 9 9 9 9 9 9 10 9 9 9 9 9 9
9 9 9 9 9 9 9 9 9 9 9 9 9 9 9 9 9 9 9 9 9 9 9 9 9 9 9 9 9 9 9 9 9 9 9 9 9 9 9 9 9 9 9 9 9 9 9 9 9 9 9 9 10 9 9 9 9 9 9 9 9 9 10 10 9 9 9 9 10 9 10 10 10 9 10 10 9 10 9 8 8 10 9 9 9 9 9 10 9 9 10 10 9 9 10 10 10 10 10 9 9 10 10 9 10 10 9 10 9 9 8 8 9 8 10 10 8 9 9 8 9 9 9 9 9 9 7 9 11 9 9 9 9 9 9 9 9 10 9 9 10 9 9 9 10 9 10 10 9 9 9 9 10 9 9 9 9 10 10 10 9 9 9 9 9 9 9 10 9 7 9 9 9 9 9 9 9 9 9 9 9 10 10 10 9 10 9 9 9 9 9 10 9 9 9 9 9 9 9 9
9 9 9 9 9 9 9 9 9 9 9 9 9 9 9 9 9 9 9 9 9 9 9 9 9 9 9 9 9 9 9 9 9 9 9 9 9 9 9 9 9 9 9 9 9 9 9 9 9 9 9 9 10 9 9 9 10 10 9 9 9 9 10 9 9 9 9 9 9 9 10 9 10 9 9 9 9 10 9 7 10 9 9 9 9 10 9 9 9 9 10 9 9 9 10 10 10 10 10 9 9 10 10 9 10 9 9 10 8 9 7 8 9 10 10 10 8 9 8 8 9 9 9 8 9 8 7 10 11 9 9 9 9 9 9 9 9 9 10 10 9 9 10 9 9 10 9 9 9 9 9 9 9 9 9 9 9 10 10 9 9 9 10 9 9 9 9 10 9 8 10 9 9 9 9 9 9 9 9 9 9 10 9 10 9 9 9 9 9 9 9 9 9 9 9 9 9 9 9 9
9 9 9 9 9 9 9 9 9 9 9 9 9 9 9 9 9 9 9 9 9 9 9 9 9 9 9 9 9 9 9 9 9 9 9 9 9 9 9 9 9 9 9 9 9 10 9 9 10 9 10 9 9 9 9 9 9 10 9 9 9 9 10 9 10 7 7 9 9 9 10 10 9 9 9 9 10 10 9 7 11 9 9 9 9 10 9 8 9 9 10 9 9 10 9 10 10 10 10 9 10 10 10 9 10 9 9 10 8 10 7 10 9 10 10 9 9 9 8 8 10 9 9 9 9 9 7 10 10 9 9 9 9 10 9 9 9 9 9 10 9 9 10 10 9 10 9 9 9 9 10 10 9 9 9 10 9 10 9 9 10 9 9 10 9 9 9 9 7 4 9 9 9 9 9 9 9 9 9 10 9 9 9 9 9 9 9 9 9 9 9 9 8 7 5 6 6 7 5 4
9 9 9 9 9 9 9 9 9 9 9 9 9 9 9 9 9 9 9 9 9 9 9 9 9 9 9 9 9 9 9 9 9 9 9 9 9 9 9 9 9 9 9 9 9 10 9 9 9 9 10 9 9 9 9 9 9 9 9 9 10 10 9 10 9 7 10 11 9 10 10 10 9 9 9 9 10 10 9 8 11 9 9 9 9 10 9 8 11 9 10 9 9 10 9 10 10 10 10 9 10 10 9 10 10 9 9 9 9 9 5 8 9 10 9 8 9 8 8 9 8 9 9 9 8 9 7 10 9 9 9 9 9 10 9 9 9 9 9 9 9 9 10 9 9 9 9 9 9 10 9 9 9 9 9 9 9 9 9 10 9 9 10 10 9 9 9 9 6 6 10 9 9 9 9 9 9 9 9 10 9 9 10 10 9 9 9 9 9 9 5 5 9 10 11 11 11 9 10 8
9 9 9 9 9 9 9 9 9 9 9 9 9 9 9 9 9 9 9 9 9 9 9 9 9 9 9 9 9 9 9 9 9 9 9 9 9 9 10 9 9 9 9 9 9 9 9 9 9 10 10 9 9 9 9 9 9 9 9 9 10 10 9 10 9 9 10 10 9 10 9 9 9 9 9 10 10 9 9 9 11 9 9 10 9 10 8 8 11 9 10 9 9 10 10 10 10 9 10 9 10 10 9 10 10 9 10 8 10 8 4 9 9 7 6 5 5 6 7 8 9 9 9 9 8 9 6 10 9 9 9 9 9 9 9 9 9 9 10 9 9 9 10 10 10 9 9 9 9 9 9 9 9 9 9 9 9 9 9 10 9 9 10 9 9 9 8 8 4 7 10 10 9 9 10 9 9 9 9 9 10 10 10 10 9 9 9 9 8 8 10 12 11 10 10 10 10 9 9 9
9 9 9 9 9 9 9 9 9 9 9 9 9 9 9 9 9 9 9 9 9 9 9 9 9 9 9 9 9 9 9 9 9 9 9 9 9 9 9 9 9 10 9 9 9 9 9 9 9 10 9 9 9 9 9 9 10 9 9 9 10 9 9 9 9 9 8 10 9 10 9 9 10 9 10 9 10 9 10 9 9 9 9 9 9 9 6 9 11 9 10 9 9 10 9 10 10 10 10 9 10 10 10 10 9 9 10 8 10 8 5 12 11 10 9 9 11 10 11 10 9 9 8 8 9 9 7 10 9 9 9 9 9 9 9 9 10 9 10 9 9 9 9 10 9 9 9 10 9 10 9 9 9 10 9 9 9 9 9 9 9 8 9 8 8 8 9 10 5 8 10 10 9 9 9 9 9 9 10 10 9 9 9 9 9 9 9 9 9 11 10 9 9 9 9 9 9 9 9 9
9 9 9 9 9 9 9 9 9 9 9 9 9 9 9 9 9 9 9 9 9 9 9 9 9 9 9 9 9 9 9 9 9 9 9 9 9 9 9 9 9 9 9 9 10 10 9 9 10 10 9 9 9 9 9 10 10 10 10 9 10 9 9 10 9 9 9 10 9 10 9 9 10 10 10 9 10 9 9 7 9 9 9 9 9 9 6 10 10 10 10 9 10 10 9 10 10 9 9 9 11 10 10 9 10 9 8 7 7 6 6 12 9 9 9 9 9 9 10 9 9 10 10 9 10 8 9 9 9 9 10 9 9 9 9 9 9 10 9 10 9 10 9 10 9 9 9 9 9 9 9 9 9 9 9 9 9 8 9 10 9 9 9 10 10 9 9 8 2 8 11 9 9 9 9 9 9 9 10 9 9 9 10 9 9 9 9 9 10 10 10 9 9 9 9 9 9 9 9 9
9 9 9 9 9 9 9 9 9 9 9 9 9 9 9 9 9 9 9 9 9 9 9 9 9 9 9 9 9 9 9 9 9 9 9 9 9 9 9 10 9 10 10 10 10 9 10 10 10 9 9 9 10 9 9 10 10 10 10 9 9 9 10 9 9 9 9 10 9 10 9 8 10 10 9 9 9 10 9 7 11 9 9 9 9 7 7 11 10 8 7 9 10 10 10 10 10 9 9 10 10 9 10 9 9 9 8 10 10 8 9 12 9 9 9 9 9 9 8 9 9 9 9 8 10 7 10 9 9 9 9 9 9 9 9 9 9 10 10 10 9 10 10 9 9 9 10 9 10 9 9 8 10 10 9 9 9 9 10 9 9 9 9 10 9 9 10 8 3 10 12 10 10 10 9 9 9 10 9 9 9 10 10 9 9 9 9 10 10 9 9 9 9 9 9 9 9 9 9 10
9 9 9 9 9 9 9 9 9 9 9 9 9 9 9 9 9 9 9 9 9 9 9 9 9 9 9 9 9 9 9 9 9 9 9 10 10 9 9 9 9 9 10 9 9 9 9 10 9 9 10 10 10 10 9 10 10 10 9 9 9 10 9 9 9 9 9 10 9 9 9 8 10 9 9 10 9 9 9 9 10 9 9 9 8 6 9 12 9 5 9 10 9 10 10 10 10 10 9 11 10 9 9 9 9 9 8 10 10 6 6 10 9 9 9 9 9 9 9 9 9 9 9 9 9 6 10 9 9 9 9 9 9 9 9 9 10 10 10 9 9 10 9 9 9 9 10 9 10 9 9 10 9 9 9 9 9 10 9 9 9 9 9 9 8 7 9 8 2 10 11 8 9 9 9 9 9 9 9 10 9 9 9 9 9 9 9 10 10 9 9 9 9 9 9 9 9 10 10 10
9 9 9 9 9 9 9 9 9 9 9 9 9 9 9 9 9 9 9 9 9 9 9 9 9 9 9 9 9 9 9 9 9 9 10 10 9 9 9 10 10 9 9 10 9 9 10 9 9 9 10 10 10 7 7 10 9 9 9 9 9 10 9 9 9 8 10 10 9 10 9 9 10 9 9 10 9 9 9 8 9 9 9 9 7 9 9 11 9 9 11 10 9 10 10 10 10 9 9 10 10 9 9 9 9 8 10 9 10 5 6 12 8 8 9 9 9 9 9 9 9 9 9 9 7 6 11 9 9 9 9 10 9 9 10 9 10 10 9 9 9 10 9 9 8 8 10 9 9 9 10 9 9 9 9 9 9 9 8 8 8 8 7 4 2 2 2 3 1 10 10 10 9 9 9 9 9 9 9 9 9 9 9 9 6 8 10 10 9 9 9 9 9 9 9 10 10 9 9 9
9 9 9 9 9 9 9 9 9 9 9 9 9 9 9 9 9 9 9 9 9 9 9 9 9 10 10 9 9 9 9 9 9 9 9 9 9 9 10 10 9 9 9 10 9 9 10 9 10 10 10 10 10 7 11 10 10 10 10 9 9 9 9 9 9 8 10 9 9 9 9 9 10 9 9 10 10 9 8 4 9 8 4 6 6 10 9 10 9 10 9 10 9 10 10 9 9 9 10 10 10 9 9 9 8 8 10 9 10 6 7 13 10 9 10 9 9 9 9 9 9 8 9 9 5 10 10 9 9 9 9 9 9 9 9 9 10 10 9 9 10 10 9 9 6 8 10 9 9 10 10 9 9 9 9 9 10 9 10 9 8 5 5 7 8 10 6 3 5 13 11 9 9 9 9 9 9 9 9 9 9 8 6 6 3 8 10 9 9 9 9 9 9 7 8 7 8 9 7 8
9 9 9 9 9 9 9 9 9 9 9 9 9 9 9 9 9 9 9 9 9 9 9 9 9 9 9 9 9 9 9 9 9 9 9 9 9 9 9 9 9 9 9 9 9 9 9 9 9 9 9 9 9 9 9 10 10 9 9 9 9 9 9 9 9 8 10 9 9 10 9 9 9 9 9 10 9 9 6 7 12 9 7 12 9 11 8 10 10 10 9 9 9 10 9 10 9 10 10 10 10 9 9 10 8 9 9 9 9 7 4 12 9 9 9 9 9 9 9 9 8 9 9 9 7 11 10 9 9 9 9 9 9 10 9 10 10 9 10 9 9 9 8 8 2 9 10 9 9 9 9 9 9 9 9 10 10 9 9 9 7 11 12 11 12 9 3 8 11 13 9 9 9 9 9 9 9 9 10 10 9 7 5 3 3 10 9 9 9 9 9 9 8 3 6 3 6 5 2 4
9 9 9 9 9 9 9 9 9 9 9 9 9 9 9 9 9 9 9 9 9 9 9 9 9 9 9 9 9 9 9 9 9 9 9 9 9 9 9 9 9 10 9 9 10 8 9 9 9 9 9 10 9 9 9 9 10 9 9 9 9 8 9 9 9 8 10 10 10 10 10 10 10 10 9 10 9 9 7 10 11 9 10 10 8 11 7 9 10 9 9 9 8 11 10 10 9 9 10 10 9 9 10 9 8 9 9 10 9 7 6 12 9 9 9 9 9 9 9 9 8 9 9 7 6 11 9 9 9 9 9 9 9 9 9 10 10 9 10 9 10 9 7 3 4 11 11 9 9 9 9 9 9 9 10 8 9 9 9 9 10 9 9 9 8 7 2 7 9 11 8 8 7 4 7 9 9 9 10 9 9 8 5 4 7 10 10 9 9 9 9 9 6 5 3 4 7 3 4 3
9 9 9 9 9 9 9 9 9 9 9 9 9 9 9 9 9 9 9 9 9 9 9 9 9 9 9 9 9 9 9 9 9 9 9 10 9 10 10 9 9 10 9 9 10 9 10 9 9 9 9 9 9 9 9 9 10 10 9 9 9 7 10 8 7 5 9 10 10 10 9 9 9 10 10 9 9 9 6 9 10 9 10 9 5 8 4 9 10 9 9 10 9 10 10 10 10 10 10 9 8 9 10 9 8 8 9 10 9 6 4 9 9 9 9 9 9 9 9 9 9 9 9 8 10 10 9 9 10 9 9 9 9 9 9 10 10 9 9 9 9 8 7 4 8 13 10 9 9 9 9 9 9 10 10 10 10 9 9 9 9 9 6 5 3 4 1 4 8 9 3 2 2 1 5 5 9 9 9 9 3 4 6 3 12 10 10 10 9 9 7 9 6 2 6 7 7 4 6 3
9 9 9 9 9 9 9 9 9 9 9 9 9 9 9 9 9 9 9 9 9 9 9 9 9 9 9 9 9 9 9 9 9 9 9 10 9 10 9 9 9 9 9 9 9 9 10 9 9 9 9 9 9 9 9 9 10 9 9 9 9 5 7 8 10 8 10 10 10 10 10 8 10 9 9 9 8 4 3 10 9 9 9 7 8 8 8 12 10 9 9 10 10 10 10 10 9 10 9 9 8 10 9 9 7 8 9 9 8 5 5 12 10 9 9 9 9 9 9 8 10 9 9 8 10 10 9 9 10 9 9 9 9 9 10 10 9 9 9 10 9 9 8 4 6 12 10 9 9 9 9 9 9 10 10 9 9 9 9 8 6 2 2 2 2 1 3 2 8 10 5 2 1 2 6 5 9 7 4 7 2 7 2 4 10 11 10 10 9 4 2 6 4 4 4 5 6 3 6 5
9 9 9 9 9 9 9 9 9 9 9 9 9 9 9 9 9 9 9 9 9 9 9 9 9 9 9 9 9 9 9 9 9 9 9 10 9 10 10 10 9 9 9 9 10 9 9 9 9 9 9 9 10 10 9 8 9 8 9 9 8 6 11 12 10 8 6 10 9 10 9 9 9 9 9 8 3 5 9 10 8 7 4 5 11 10 10 9 10 9 8 9 10 9 10 9 9 10 8 8 9 10 9 8 6 9 9 7 4 3 11 9 6 8 9 9 9 8 9 9 10 9 9 7 10 9 9 9 9 9 9 9 9 9 9 10 9 9 9 9 9 9 9 4 4 8 8 4 5 5 4 4 3 5 6 7 9 7 4 4 5 7 8 10 9 7 5 3 8 7 3 2 6 6 8 7 8 2 6 6 1 3 5 8 13 12 9 6 4 1 4 7 6 7 4 9 10 10 10 9
9 9 9 9 9 9 9 9 9 9 9 9 9 9 9 9 9 9 9 9 9 9 9 9 9 10 9 9 9 9 9 9 9 9 10 10 9 10 10 9 9 9 9 10 9 8 9 8 8 9 10 10 10 10 9 9 11 10 10 9 9 8 11 10 8 3 7 12 10 10 9 9 9 10 9 4 9 12 12 12 10 9 6 11 11 10 9 5 10 10 8 10 10 9 10 9 10 10 4 5 8 9 7 7 9 11 11 6 5 12 13 8 4 10 9 9 9 8 10 10 9 9 8 5 11 9 9 9 9 9 9 9 9 9 10 10 9 9 10 9 9 10 6 1 4 10 4 1 2 3 4 3 3 2 1 2 4 4 8 11 11 8 11 13 10 10 6 4 7 5 5 7 7 8 9 11 5 5 5 4 1 5 7 10 10 7 4 1 1 2 5 4 4 6 7 10 10 11 11 13
9 9 9 9 9 9 9 9 9 9 9 9 9 9 9 9 9 9 9 9 9 9 9 9 10 10 9 9 9 9 9 9 9 9 10 9 9 10 10 9 9 9 10 9 10 10 9 9 11 10 10 10 10 10 9 9 10 10 10 10 10 8 10 10 8 2 10 11 9 10 10 10 9 10 8 7 12 9 9 9 9 9 6 11 10 10 10 5 4 7 8 11 10 9 10 10 10 10 8 8 8 7 6 10 10 10 9 5 8 12 9 8 5 12 10 9 9 9 10 10 9 9 7 6 12 9 9 9 9 9 9 9 9 10 10 10 10 10 10 9 9 9 2 2 8 7 2 7 10 12 13 13 11 10 8 6 3 3 2 3 5 7 10 9 10 4 2 4 8 8 9 8 9 9 9 5 5 4 4 4 6 9 12 12 8 5 1 2 4 7 8 8 11 14 8 8 9 11 12 11
9 9 9 9 9 9 9 9 9 9 9 9 9 9 9 9 9 9 9 9 9 10 9 9 9 9 9 9 9 9 9 9 9 9 10 9 9 9 9 9 8 9 10 9 9 9 9 10 10 10 10 9 9 10 9 9 10 9 9 8 5 4 9 8 5 4 11 12 10 9 10 9 9 8 4 10 10 9 10 10 7 9 8 10 9 10 10 4 5 8 6 9 10 9 10 9 9 10 9 9 10 4 9 11 10 9 8 3 11 10 9 7 6 13 9 9 9 9 10 9 9 6 6 6 8 9 9 9 9 9 9 9 9 10 8 8 9 10 9 9 9 8 1 4 9 9 12 13 13 14 12 11 9 11 7 10 12 12 9 8 6 2 6 8 8 3 2 4 9 11 11 11 11 8 8 8 8 5 7 8 10 13 14 9 7 8 7 8 9 10 9 9 13 14 9 8 11 11 7 5
9 9 9 9 9 9 9 9 9 9 9 9 9 9 9 9 9 9 9 9 9 9 9 9 9 9 9 9 9 9 9 9 9 10 10 9 9 8 10 10 9 10 9 9 9 9 9 6 5 9 10 6 9 9 10 9 9 9 7 4 8 12 12 7 3 10 14 12 9 9 9 9 9 6 7 12 10 9 9 9 7 11 9 10 11 12 10 6 6 10 10 10 7 8 9 10 9 9 9 9 7 3 10 8 7 9 5 7 13 9 8 3 11 11 9 9 7 8 10 9 7 4 8 4 7 9 9 9 9 9 9 9 10 9 7 11 9 9 9 9 9 6 0 6 8 12 14 14 12 11 9 10 9 9 7 9 11 10 5 10 10 8 8 4 1 0 0 6 12 13 10 9 10 4 9 9 9 9 9 10 13 14 13 6 5 10 12 12 13 9 6 9 12 10 9 4 5 2 1 5
9 9 9 9 9 9 9 9 9 9 9 9 9 9 9 9 9 9 9 9 9 9 9 9 9 9 9 9 9 9 9 9 9 11 10 9 9 9 10 9 10 9 10 9 9 9 9 5 11 10 8 9 10 8 9 9 9 7 5 10 12 10 10 6 7 12 12 9 10 10 8 9 6 8 11 10 9 9 9 8 9 10 10 10 11 10 10 9 6 9 13 12 3 4 8 9 9 9 9 9 9 8 9 8 11 10 7 11 10 7 3 9 11 9 9 8 7 11 10 8 6 11 11 9 8 12 10 9 9 9 9 10 9 9 10 8 9 9 9 9 8 2 2 8 11 14 13 10 9 8 8 6 5 2 5 2 3 2 3 9 10 8 9 9 8 4 4 8 13 14 9 10 4 6 9 9 9 10 9 13 14 14 11 5 3 8 9 11 11 3 3 7 8 7 3 0 2 3 3 5
9 9 9 9 9 9 9 9 9 9 9 9 9 9 9 9 9 9 9 9 9 9 9 9 9 9 9 9 9 9 9 9 10 11 10 9 9 9 10 10 10 9 10 10 10 9 7 8 11 10 10 9 7 7 8 7 6 7 12 11 10 10 10 7 8 11 11 9 9 9 9 9 4 11 10 9 9 9 9 7 10 10 10 10 10 10 10 9 5 9 11 11 7 10 7 5 4 6 8 10 9 9 6 12 11 8 9 10 9 4 6 12 9 9 9 8 6 9 7 6 11 10 9 9 6 13 10 9 9 9 10 9 9 9 9 10 9 9 9 9 5 0 5 11 13 8 7 8 7 5 2 1 1 1 2 2 4 6 7 9 5 1 1 3 4 4 4 9 13 11 5 3 3 8 10 8 9 9 9 13 11 10 7 2 3 3 3 4 2 1 2 6 8 7 4 5 5 4 5 6
9 9 9 9 9 9 9 9 9 9 9 9 9 9 9 9 9 9 9 9 9 9 9 9 9 9 9 9 9 9 9 9 10 10 9 9 9 9 10 10 9 9 9 9 10 9 7 11 10 10 9 10 9 9 8 3 7 9 10 10 9 10 10 9 7 11 11 9 10 10 10 9 9 12 8 8 8 9 9 6 11 8 9 10 10 10 9 9 7 9 10 11 9 6 5 5 5 9 5 7 8 6 7 9 5 6 6 10 9 3 10 12 9 9 9 5 3 7 7 12 10 9 9 9 8 11 9 9 10 9 10 9 9 9 10 10 9 9 9 8 1 1 7 12 10 6 6 2 2 2 2 6 5 7 9 10 10 10 10 10 8 6 5 2 1 2 3 11 14 9 7 6 10 11 6 4 8 9 10 13 7 7 2 1 1 2 4 4 2 2 6 11 13 13 12 12 11 10 11 12
9 9 9 9 9 9 9 9 9 9 9 9 9 9 9 9 9 9 9 9 9 9 9 10 9 9 9 9 9 9 9 9 10 10 10 10 9 9 10 10 9 9 9 9 10 9 7 11 10 9 10 10 10 10 10 8 9 9 9 9 9 9 9 9 7 10 10 10 9 10 9 9 9 9 8 8 10 10 9 7 10 7 9 8 10 9 6 9 11 10 9 12 10 9 6 10 13 11 7 6 4 7 10 6 5 2 7 10 6 7 12 8 8 9 8 5 9 13 12 10 9 9 9 9 8 7 10 10 9 9 9 9 9 10 10 9 9 9 9 6 0 4 9 13 10 13 11 9 6 4 8 10 11 13 13 11 12 12 10 10 9 9 9 8 8 7 7 9 7 5 4 11 6 1 1 5 9 9 9 8 5 8 3 3 1 5 8 10 12 12 12 13 14 10 10 14 12 12 12 13
9 9 9 9 9 9 9 9 9 9 9 9 9 9 9 9 9 9 9 9 9 9 9 9 9 9 10 9 9 9 8 9 10 10 10 9 9 9 10 10 9 9 9 9 10 9 7 11 10 9 10 10 9 8 9 7 6 9 8 9 9 9 9 9 8 10 10 9 9 9 9 9 9 8 6 6 5 5 6 9 7 9 9 8 7 4 8 12 10 10 9 11 10 9 5 10 11 9 9 7 8 12 10 9 7 7 9 5 6 12 10 8 5 4 3 2 5 5 8 9 9 9 9 9 7 2 8 9 9 10 9 10 9 10 9 9 10 9 6 6 0 6 12 11 11 13 10 5 5 8 11 13 13 14 10 7 12 9 11 7 10 10 10 12 9 9 11 12 11 3 4 7 0 2 6 9 9 10 10 8 9 6 2 1 5 9 11 13 10 9 10 12 11 5 11 13 10 11 7 10
9 9 9 9 9 9 9 9 9 9 9 9 9 9 9 9 9 9 9 9 9 9 9 9 9 9 9 9 9 9 8 9 10 10 10 9 9 9 10 9 9 9 9 9 9 9 7 11 9 9 9 10 9 9 9 4 7 9 11 9 7 8 9 9 6 8 9 8 8 8 8 7 5 3 3 5 6 5 3 7 7 8 8 3 4 6 11 9 8 9 9 9 7 5 3 8 10 10 9 5 8 13 9 7 5 8 10 7 13 10 9 7 3 3 6 9 10 8 7 9 9 10 9 9 3 3 11 10 9 9 9 10 10 9 9 9 10 8 5 5 2 8 13 10 13 12 9 7 4 11 13 13 11 12 5 9 10 10 7 9 7 10 12 12 3 9 12 12 4 4 8 6 1 5 8 10 10 10 9 9 9 6 4 7 9 10 13 7 6 7 5 5 6 5 11 12 10 7 7 11
9 9 9 9 9 9 9 9 9 9 9 9 9 9 9 9 9 9 9 9 9 9 9 9 9 9 9 9 9 9 7 9 10 10 10 9 9 9 10 10 9 9 9 9 9 8 8 11 10 9 9 9 9 9 8 4 11 13 9 7 5 6 6 7 2 6 10 9 9 7 6 5 5 7 12 12 10 11 10 10 10 7 3 5 10 12 12 8 8 8 8 9 4 4 3 6 8 4 3 2 10 6 6 7 5 5 8 9 13 9 9 5 2 10 14 13 11 9 10 5 5 6 8 8 2 5 13 10 10 9 10 10 9 9 9 8 9 8 5 4 3 11 13 11 13 10 10 4 7 13 11 11 10 12 9 10 10 12 7 9 5 11 12 4 3 13 13 10 5 8 9 5 1 7 8 10 10 9 9 9 9 8 8 8 9 9 9 5 6 7 6 4 7 3 3 2 4 6 6 11
9 9 9 9 9 9 9 9 9 9 9 9 9 9 9 9 9 9 9 9 9 9 9 9 9 9 9 9 9 9 8 9 11 10 9 9 9 9 10 10 9 9 9 9 9 8 8 10 9 9 9 10 9 8 6 9 12 10 8 8 10 8 9 6 4 12 11 10 10 10 9 9 11 13 12 10 10 11 9 12 11 7 4 10 12 13 13 12 12 11 10 10 4 6 5 6 5 7 6 7 4 5 9 8 4 6 11 10 10 9 9 5 7 14 10 7 9 9 11 11 10 8 5 5 2 9 11 4 7 9 9 10 9 9 8 5 10 7 3 3 7 13 12 12 13 8 5 2 11 12 10 10 10 11 10 11 10 12 10 10 7 12 9 2 6 13 13 8 4 5 10 6 5 7 9 10 9 9 9 9 9 9 10 10 9 9 9 7 7 6 5 6 6 6 5 6 7 3 5 7
9 9 9 9 9 9 9 9 9 9 9 9 9 9 9 9 9 9 9 9 9 9 9 9 9 9 9 10 9 7 8 9 11 9 9 9 9 9 10 9 9 9 10 10 10 8 9 10 9 8 8 7 4 4 9 12 10 10 9 9 9 9 12 10 6 13 9 9 9 9 10 11 9 11 10 10 10 10 9 12 10 8 9 11 13 14 10 10 9 10 10 9 6 3 5 9 13 12 11 8 7 11 12 9 9 10 5 8 8 8 6 3 12 12 10 10 5 9 10 10 9 9 10 8 4 12 7 4 8 10 9 9 9 8 3 6 10 5 1 7 10 12 6 9 9 2 4 6 13 11 10 10 10 11 11 10 10 11 10 10 6 10 7 4 5 14 10 3 7 9 10 4 5 7 9 9 9 9 9 9 9 9 9 10 8 9 10 8 9 9 8 9 8 6 7 6 6 5 9 2
9 9 9 9 9 9 9 9 9 9 9 9 9 9 9 9 9 9 9 9 9 9 9 9 9 9 9 10 8 8 9 10 11 10 9 9 9 10 9 9 9 9 9 9 8 4 8 9 7 7 6 4 7 8 10 12 10 9 8 7 9 11 11 9 8 12 10 9 9 8 9 10 7 10 9 9 10 10 10 10 9 9 9 9 13 10 9 8 7 8 8 8 5 4 9 12 14 10 9 4 7 13 12 9 10 5 9 9 5 2 2 7 11 10 9 9 6 10 10 9 9 9 10 10 7 12 7 5 11 11 9 9 9 3 5 12 10 2 4 8 11 12 7 7 6 7 11 13 13 10 10 10 11 11 11 10 10 10 10 10 7 11 4 2 11 8 2 6 7 5 4 1 5 9 9 10 9 9 9 10 9 10 9 10 9 10 10 9 9 9 8 9 8 8 7 7 4 7 6 1
9 9 9 9 9 9 9 9 9 9 9 9 9 9 9 9 9 9 9 9 9 9 9 9 9 9 9 9 10 8 9 10 11 9 9 9 9 10 9 9 9 9 10 9 5 5 12 10 10 11 10 10 12 10 11 12 9 8 8 9 10 10 10 10 10 9 10 8 9 10 9 9 9 10 8 9 10 10 9 9 9 9 7 8 9 6 6 2 2 3 4 4 6 12 10 12 13 11 11 8 6 13 11 10 9 4 7 7 5 1 3 4 7 7 9 9 7 8 6 6 8 8 9 9 4 10 9 2 9 12 10 9 7 1 9 10 4 3 9 9 11 11 3 7 12 13 11 12 11 11 10 10 11 10 10 10 10 10 10 10 9 3 3 9 10 1 4 7 3 0 1 2 6 9 9 9 9 9 9 9 8 9 9 8 8 11 12 11 10 10 9 10 10 11 11 8 7 8 5 7
9 9 9 9 9 9 9 9 9 9 9 9 9 9 9 9 9 9 9 9 9 9 9 9 9 9 9 10 9 7 9 9 10 10 9 8 9 9 9 9 9 9 8 6 9 12 12 11 10 9 9 9 9 9 10 9 8 9 10 10 10 10 9 9 9 9 8 8 10 9 10 9 9 10 9 9 11 10 10 9 10 10 6 3 6 4 1 3 7 8 6 3 7 9 9 8 10 9 9 8 6 12 10 10 10 5 9 7 4 6 9 8 7 6 9 6 3 1 1 1 1 4 7 6 2 11 9 2 9 13 10 10 8 1 9 8 2 7 11 7 10 7 3 11 13 9 5 12 11 10 10 11 10 8 10 10 10 9 9 8 6 2 8 12 4 5 6 8 4 2 5 6 9 9 8 8 9 9 9 9 8 9 9 9 10 13 11 9 12 12 11 13 11 12 11 11 11 11 10 10
9 9 9 9 9 9 9 9 9 9 9 9 9 9 9 9 9 9 9 9 9 9 9 9 9 9 9 9 10 8 8 9 11 9 9 8 9 10 9 9 9 7 6 10 10 10 10 9 8 8 10 9 9 10 9 9 11 10 10 9 9 9 9 9 9 9 9 5 10 9 9 9 9 10 10 9 11 10 9 8 8 8 5 4 7 9 7 8 10 7 6 6 11 6 5 5 6 8 9 7 8 11 10 10 10 9 10 8 7 9 9 9 9 9 5 2 2 1 2 6 5 3 2 2 6 13 9 6 10 13 10 10 8 5 8 5 4 9 5 4 8 3 10 14 9 2 9 12 10 10 10 10 3 6 9 9 9 4 1 1 1 1 6 3 1 2 4 9 7 7 10 10 10 9 10 10 10 9 9 9 9 10 9 9 11 11 6 6 8 8 5 9 9 12 13 13 13 10 10 10
9 9 9 9 9 9 9 9 9 9 9 9 9 9 9 9 9 9 9 9 9 9 9 9 9 9 10 10 10 9 7 10 11 9 8 8 10 10 7 5 5 7 12 10 9 9 8 9 10 10 10 9 9 9 9 8 11 10 9 9 9 9 9 9 9 9 9 5 11 9 9 9 9 9 9 8 8 6 2 2 4 4 7 5 11 11 6 11 9 8 10 12 12 9 8 4 6 4 4 4 8 8 10 10 9 9 9 9 10 9 10 11 11 11 8 2 2 6 8 9 9 10 9 8 12 10 8 11 10 12 10 10 8 2 4 6 10 9 6 5 4 7 12 13 6 2 12 11 10 8 6 3 2 10 12 10 5 1 4 5 6 6 8 7 6 7 7 7 9 10 12 7 10 10 10 8 8 9 9 10 10 9 10 10 9 8 7 7 7 4 5 6 4 5 8 7 7 6 7 7
9 9 9 9 9 9 9 9 9 9 9 9 9 9 9 9 9 9 9 9 9 9 9 9 10 10 10 10 10 9 7 10 10 9 7 10 8 5 4 9 12 11 10 9 10 10 10 10 10 9 9 9 9 9 9 8 9 9 9 9 9 9 9 8 9 10 9 5 9 9 8 5 5 6 7 6 6 3 4 8 10 11 11 11 12 12 11 12 12 11 12 12 11 11 11 9 10 9 8 6 6 9 11 9 9 9 9 9 9 9 10 10 13 14 8 4 8 9 9 9 10 12 14 14 13 6 9 12 9 11 10 9 4 3 8 11 13 4 6 7 5 8 11 6 1 4 11 7 5 1 1 2 8 14 12 9 1 3 7 7 9 9 9 8 7 10 10 11 8 13 12 7 4 2 3 2 3 5 8 8 9 9 9 8 10 11 10 9 10 9 10 10 8 9 8 3 2 2 2 5
9 9 9 9 9 9 9 9 9 9 9 9 9 9 9 9 9 9 9 9 9 9 9 10 10 9 10 10 10 7 6 9 10 7 8 10 5 8 12 12 10 10 10 9 9 9 9 9 9 9 9 9 9 9 9 7 6 9 9 9 9 9 8 9 9 9 8 5 7 10 7 6 7 9 10 9 10 5 8 11 13 13 10 9 9 9 9 9 10 11 11 10 11 11 10 10 10 10 12 10 8 11 11 9 9 9 10 10 8 9 9 11 12 11 8 6 7 10 9 9 13 14 14 10 10 7 12 10 9 10 10 6 2 3 7 9 5 2 7 9 9 9 8 3 2 8 12 3 3 2 4 9 14 13 11 8 1 5 7 9 12 13 10 7 8 9 5 3 5 13 7 1 2 7 9 8 8 10 10 10 10 10 10 11 12 11 9 10 12 13 13 14 12 13 12 7 10 10 10 10
9 9 9 9 9 9 9 9 9 9 9 9 9 9 9 9 9 9 9 9 9 9 10 10 10 9 10 10 8 4 10 10 10 6 9 7 10 11 11 10 10 10 9 9 9 9 9 9 9 9 9 9 9 9 9 8 6 10 9 9 8 8 10 9 8 8 8 8 10 11 9 7 8 10 10 11 11 8 9 13 12 9 9 9 9 8 8 8 10 9 9 9 10 10 11 11 10 10 10 7 6 9 7 8 8 8 8 8 6 4 9 11 9 9 8 5 9 7 7 10 13 9 9 8 6 8 11 10 10 10 8 4 2 6 8 8 6 6 10 11 8 9 9 7 7 9 6 2 4 7 10 12 13 8 4 3 3 7 11 12 13 13 9 4 7 8 6 4 7 6 1 1 6 6 7 8 8 10 9 9 10 11 9 11 13 12 10 10 12 14 13 13 8 13 12 6 12 12 10 13
9 9 9 9 9 9 9 9 9 9 9 9 9 9 9 9 9 9 9 10 9 9 9 10 10 9 10 10 6 8 11 11 6 6 5 9 11 10 10 9 9 9 9 9 9 9 9 9 9 9 9 9 9 9 9 9 6 10 10 8 9 9 9 8 8 8 9 9 8 9 10 11 10 9 11 9 9 8 9 8 10 9 9 8 9 8 8 7 5 9 9 9 9 9 9 9 9 9 9 8 6 9 10 11 10 4 4 6 5 7 13 9 9 9 8 8 5 2 8 11 10 6 4 5 6 12 11 10 10 8 6 5 2 8 9 9 10 9 6 6 5 9 9 9 9 10 9 8 10 12 12 12 8 2 3 3 8 10 10 9 12 12 4 5 6 10 9 7 6 4 1 3 5 7 8 7 8 10 8 7 11 10 8 11 13 11 5 8 12 11 8 9 10 10 9 5 12 5 11 10
9 9 9 9 9 9 9 9 9 9 9 9 9 9 9 9 9 9 10 9 9 10 9 9 9 9 10 9 6 10 10 10 6 7 9 12 11 10 9 9 9 9 9 9 9 9 9 9 9 9 9 9 9 9 9 9 8 7 9 10 9 8 7 8 8 9 9 10 11 11 10 10 9 9 12 8 3 6 8 8 10 8 3 3 5 7 8 8 7 9 9 9 9 9 9 9 9 9 9 9 6 7 10 12 8 4 8 6 4 9 10 9 10 9 8 9 2 3 9 12 12 11 10 7 10 12 10 10 8 2 1 2 4 9 9 10 11 9 7 7 8 9 9 9 10 11 11 11 14 14 11 13 11 8 7 9 12 6 7 9 11 9 2 4 7 10 6 2 5 7 3 4 6 7 8 8 7 10 9 10 12 7 8 11 12 8 5 8 10 7 5 6 8 8 9 9 9 3 9 5
9 9 9 9 9 9 9 9 9 9 9 9 9 9 9 9 9 9 9 9 9 9 9 9 10 9 8 6 9 9 10 8 10 6 12 12 9 9 9 9 9 9 9 9 9 9 9 9 9 9 9 9 9 9 9 9 8 5 9 9 7 7 9 10 10 10 10 9 9 9 10 10 9 9 9 6 9 12 11 10 11 9 5 8 7 5 5 3 3 4 7 8 8 9 9 9 9 9 9 9 8 3 9 10 9 6 9 10 10 10 10 9 8 8 9 6 1 5 12 14 13 9 12 13 12 6 9 8 4 1 6 7 10 12 10 12 13 10 9 7 9 10 9 9 10 12 13 14 15 13 9 12 7 9 10 11 13 8 9 9 12 5 3 8 5 1 0 2 7 8 8 9 10 10 9 9 9 10 9 10 11 6 8 11 11 9 7 8 10 11 11 10 6 6 6 7 8 7 9 9
9 9 9 9 9 9 9 9 9 9 9 9 9 9 9 9 9 9 9 9 9 8 8 10 8 8 8 9 9 6 9 9 8 10 12 10 9 9 9 9 9 9 9 9 9 9 9 9 9 9 9 9 9 9 9 8 9 6 5 7 8 9 11 10 9 8 6 6 8 9 9 8 9 9 7 3 9 10 10 9 7 5 8 9 11 12 12 8 8 9 5 3 4 4 6 7 7 7 8 7 3 2 7 5 5 4 4 6 5 6 7 7 6 7 3 1 3 10 13 14 11 7 13 13 4 3 6 1 2 6 8 11 12 12 11 12 13 7 3 6 11 12 10 10 12 13 14 14 14 12 9 6 4 10 12 13 11 9 9 10 9 3 8 10 5 2 5 7 10 10 10 11 11 9 7 9 9 9 9 10 9 8 9 12 12 10 8 10 10 12 11 10 6 8 6 6 7 9 8 10
9 9 9 9 9 9 9 9 9 9 9 9 9 9 9 9 9 9 9 9 9 9 10 9 8 9 9 9 8 9 10 8 7 10 10 9 10 9 9 9 9 9 9 9 9 9 9 9 9 9 9 9 9 8 9 9 8 3 6 11 11 11 9 8 6 5 5 8 10 9 8 8 7 7 3 3 10 9 9 6 2 6 10 9 10 10 11 10 10 8 10 10 7 9 8 7 7 9 8 7 6 7 12 12 11 6 6 7 8 6 6 9 6 4 4 7 10 12 13 12 10 10 11 9 2 8 7 9 11 10 11 12 13 10 8 12 6 1 7 8 11 13 9 10 12 14 14 13 10 10 8 2 8 13 14 11 11 8 4 3 1 2 9 5 1 4 7 10 12 7 10 9 9 7 4 8 9 9 9 10 10 11 12 12 10 9 10 11 10 11 10 9 6 6 7 8 7 4 4 3
9 9 9 9 9 9 9 9 9 9 9 10 9 9 9 8 9 9 9 9 9 9 9 8 9 10 10 9 9 11 8 6 10 7 6 9 10 9 9 9 9 9 9 9 9 9 9 9 9 9 9 9 8 9 9 5 4 5 10 13 10 8 6 6 7 4 9 11 12 10 10 10 10 7 8 11 13 10 9 6 6 12 12 10 10 9 9 8 9 10 11 11 12 13 12 11 11 10 9 10 10 10 12 12 10 10 11 9 7 9 11 13 10 7 9 11 13 14 13 10 10 10 10 7 4 9 10 7 6 4 9 13 12 9 10 6 2 7 12 9 12 13 8 6 12 12 9 10 9 10 4 3 11 11 9 9 10 5 4 2 4 6 6 1 3 7 9 11 13 10 8 8 9 8 8 8 10 9 10 10 10 11 7 7 9 10 10 12 12 12 12 12 10 12 10 12 12 10 10 11
9 9 9 9 9 9 9 9 9 9 9 9 9 9 9 9 9 9 9 9 9 9 9 9 10 10 10 10 11 10 8 10 10 8 9 10 9 9 9 9 9 9 9 9 9 9 9 9 9 9 8 8 9 6 4 6 9 10 11 9 8 9 8 11 10 12 12 11 9 9 9 9 9 10 10 11 10 10 10 9 11 11 9 9 9 9 9 9 9 9 6 8 9 9 9 9 9 9 9 9 9 9 10 10 9 10 10 10 8 9 8 7 3 5 7 10 13 10 10 10 10 9 10 8 7 10 6 9 5 5 12 13 11 9 5 2 6 12 10 7 13 11 4 5 12 12 13 10 10 8 2 8 12 10 9 8 9 5 2 3 8 7 6 4 6 9 9 10 11 10 5 9 8 9 9 7 9 9 10 10 10 11 9 10 11 10 10 12 9 9 11 8 9 9 10 9 10 9 9 10
9 9 9 9 9 9 9 9 9 9 9 9 9 9 9 9 9 9 10 9 9 9 9 10 10 10 10 9 10 9 8 9 10 10 9 10 11 9 9 9 9 9 9 9 9 9 9 9 8 7 8 9 7 5 7 10 11 11 10 11 11 10 11 10 9 9 9 9 9 9 9 9 9 9 9 9 10 10 10 9 10 10 9 9 9 9 9 9 9 9 9 11 9 9 9 9 9 9 9 9 9 9 9 9 9 9 10 9 8 3 8 10 9 7 2 6 9 9 9 10 9 10 10 9 9 10 6 8 8 11 14 10 9 6 4 8 13 13 10 10 11 9 4 3 11 14 11 9 10 3 6 13 12 11 11 8 6 4 1 4 8 6 7 8 10 9 9 10 11 5 3 5 8 10 6 11 9 9 10 10 11 12 12 12 13 11 12 12 10 10 10 9 11 10 9 9 9 9 9 9
9 9 9 9 9 9 9 9 9 9 9 9 9 9 9 10 9 9 9 9 9 9 10 10 9 10 9 9 9 9 7 10 10 9 10 10 10 9 9 9 9 9 9 9 9 9 8 8 7 8 9 9 6 7 10 12 12 11 11 11 10 9 9 9 9 9 9 9 9 8 9 9 9 9 9 9 10 10 9 9 9 9 9 9 9 9 9 9 9 9 9 9 9 9 9 9 9 9 9 9 9 9 9 9 9 9 9 9 9 2 8 10 10 7 9 13 11 7 7 8 9 10 10 10 9 9 4 4 10 12 9 4 3 2 6 12 12 10 9 9 8 5 4 4 13 13 9 9 7 2 12 12 9 9 10 11 7 2 2 7 8 8 9 10 10 12 10 11 8 7 5 8 10 6 11 8 4 9 11 12 9 11 8 10 13 12 12 12 8 12 12 10 11 9 9 9 9 9 9 9
9 9 9 9 9 9 9 9 9 9 9 9 9 9 9 10 9 9 10 9 9 10 9 9 9 10 9 10 9 7 9 11 10 9 9 9 9 10 9 9 9 9 9 9 9 9 8 9 9 9 8 7 8 10 12 11 10 10 10 10 9 9 9 9 9 9 9 9 9 9 9 9 9 9 9 9 9 9 9 9 9 9 9 9 9 9 9 9 9 9 9 9 9 9 9 9 9 9 9 9 9 9 9 9 9 9 9 9 9 7 11 12 9 7 7 11 12 11 11 10 10 10 9 9 8 9 7 6 7 7 3 4 7 9 11 12 10 9 9 6 2 2 4 3 8 11 9 9 3 4 10 10 9 9 8 8 6 3 6 9 9 10 10 11 13 14 7 8 7 8 8 8 6 4 5 2 6 9 12 7 8 11 11 13 12 11 8 7 11 13 10 9 10 9 9 9 9 9 9 9
9 9 9 9 9 9 9 9 9 10 9 9 9 9 7 10 9 9 10 9 9 9 9 10 9 9 8 7 6 7 10 10 9 8 10 9 9 9 9 9 9 9 9 9 9 8 9 9 9 8 6 8 10 11 9 10 10 9 9 9 9 9 9 9 9 9 9 9 9 9 9 9 9 9 9 9 9 9 9 9 9 9 9 9 9 9 9 9 9 9 9 9 9 9 9 9 9 9 9 9 9 9 9 9 9 7 7 7 9 10 10 11 9 5 10 13 11 10 10 10 10 9 9 9 9 9 6 5 5 11 10 10 13 9 8 6 6 4 4 2 5 10 12 7 8 9 8 4 1 6 11 12 9 8 8 9 7 7 5 9 9 10 10 12 13 13 6 7 7 8 8 8 8 8 7 7 9 12 11 7 8 11 13 13 12 9 9 9 12 12 9 9 9 9 9 9 9 9 9 9
9 9 9 9 9 9 9 9 9 9 9 10 9 8 8 10 9 10 9 8 8 9 10 9 8 9 9 8 9 10 9 9 9 9 10 9 9 9 9 9 9 10 10 9 8 8 9 9 7 6 8 5 10 10 9 9 9 9 9 9 9 9 9 9 9 9 9 9 9 9 9 9 9 9 9 9 9 9 9 9 9 9 9 9 9 9 9 9 9 9 9 9 9 9 9 9 9 9 9 9 9 9 9 9 9 7 5 6 9 9 9 9 9 5 10 11 9 9 9 10 9 9 10 8 5 5 5 10 9 9 10 11 13 6 4 4 4 6 9 9 12 14 12 5 6 6 1 2 6 11 13 12 9 8 8 7 8 9 7 10 12 12 10 13 14 12 6 6 8 8 10 9 8 8 8 9 10 10 10 8 11 12 11 12 9 10 10 11 12 11 8 8 9 9 9 9 9 9 9 9
9 9 9 9 9 9 9 9 9 9 9 9 9 9 9 10 9 9 8 9 9 10 9 10 10 11 10 9 10 9 9 10 9 8 9 8 8 9 9 9 9 10 9 8 8 9 8 7 8 7 4 7 12 9 9 9 9 9 9 9 9 9 9 9 9 9 9 9 9 9 9 9 9 9 9 9 9 9 9 9 9 9 9 9 9 9 9 9 9 9 9 9 9 9 8 9 9 9 9 9 9 9 9 10 9 9 9 12 12 10 9 8 9 9 7 8 9 9 9 9 9 10 9 5 5 10 12 11 8 9 9 11 12 4 2 8 11 13 12 10 11 9 8 4 3 4 9 12 13 13 8 4 4 4 4 8 9 6 3 6 12 11 12 12 10 6 5 8 8 7 7 8 7 8 9 10 10 10 10 10 9 10 10 10 8 10 9 11 10 8 5 5 5 6 8 8 8 9 9 9
9 9 9 9 9 9 9 9 9 9 9 9 9 9 9 9 9 8 9 9 10 10 10 10 10 9 9 9 9 10 10 10 9 9 10 9 9 9 9 9 10 9 8 8 9 8 8 9 6 2 6 9 10 8 9 10 9 9 9 9 9 9 9 9 9 9 9 9 9 9 9 9 9 9 9 9 9 9 9 9 9 9 6 5 8 9 9 9 9 9 9 9 9 8 5 6 7 8 9 9 9 9 9 9 9 9 9 9 9 9 9 9 9 9 7 5 11 10 9 9 9 8 3 8 11 14 11 7 9 8 9 6 8 4 4 8 13 12 10 8 9 7 5 5 9 6 10 7 4 3 2 3 3 4 3 6 4 3 5 9 11 8 8 8 9 3 3 1 1 3 5 8 8 9 10 9 10 11 11 10 9 9 10 8 7 6 7 8 8 8 6 6 7 8 5 4 5 7 9 8
9 9 9 9 9 9 9 9 9 9 9 9 8 8 8 9 9 9 10 11 10 10 9 9 9 8 9 9 9 10 9 10 8 10 9 9 8 8 9 9 8 7 8 8 8 8 7 6 5 5 9 11 13 11 10 9 9 9 9 10 10 9 9 9 9 9 9 9 9 9 9 9 9 9 9 9 9 9 9 9 9 9 5 8 11 9 9 9 9 9 9 9 9 8 8 10 10 10 9 9 9 9 9 9 9 9 9 9 9 9 9 6 9 9 9 8 6 9 9 9 9 3 5 11 12 9 6 10 9 7 4 6 11 8 2 7 10 10 8 7 5 2 3 10 7 2 4 6 5 7 8 9 9 9 10 12 9 11 11 13 10 8 7 6 5 2 3 2 4 8 7 7 8 10 10 11 10 10 10 10 10 10 10 9 8 9 8 10 8 8 6 9 8 6 7 8 8 9 9 7
9 9 9 9 9 9 9 9 10 9 9 8 8 9 9 9 9 10 10 10 9 9 9 9 9 8 9 9 10 10 9 9 9 10 9 9 8 9 10 8 6 8 8 6 7 9 9 9 10 11 13 13 11 9 9 8 8 9 9 9 9 9 9 9 9 9 9 9 9 9 9 9 9 9 9 9 9 9 9 9 9 9 8 11 11 9 9 9 9 9 9 9 9 9 9 11 11 10 10 10 10 10 9 8 9 9 10 9 9 9 9 7 10 9 8 8 4 10 9 7 9 6 12 13 9 7 10 9 7 6 9 11 6 2 4 8 9 8 7 3 2 6 9 7 2 0 4 11 13 14 12 11 12 12 13 11 9 8 5 3 2 2 1 3 3 3 4 7 6 8 7 9 11 12 11 9 8 9 10 10 9 9 9 9 9 9 9 9 7 8 8 9 8 8 9 9 9 9 7 5
9 9 9 9 9 9 9 9 10 9 8 9 9 9 9 9 10 10 9 9 10 9 9 9 9 9 9 9 9 8 9 9 10 9 9 9 9 8 8 7 8 9 9 10 11 12 11 10 11 10 10 9 9 9 9 7 9 9 9 9 9 9 9 9 9 9 9 9 9 9 9 9 9 9 9 9 9 9 9 9 9 9 9 9 9 9 9 9 9 9 9 9 9 9 9 9 10 9 9 9 9 9 9 10 9 9 9 9 9 8 9 8 10 6 7 9 8 11 6 4 8 9 10 9 8 9 7 7 8 9 12 9 6 7 8 8 9 7 4 3 7 11 11 6 4 5 7 12 14 13 8 5 4 5 6 6 7 4 1 3 6 7 5 5 7 7 6 6 8 8 9 12 12 8 7 7 9 9 10 10 9 9 9 9 9 9 9 8 8 7 9 9 9 9 10 11 10 11 11 8
9 9 9 9 9 9 9 9 9 8 9 9 9 9 9 10 10 9 10 10 9 9 9 9 9 9 9 9 8 9 9 9 10 10 10 9 7 7 9 10 10 10 11 10 10 9 9 9 9 9 9 9 9 9 9 9 9 9 9 9 9 9 9 9 9 9 9 9 9 9 9 9 9 9 9 9 9 9 9 9 9 9 9 9 9 9 9 9 9 9 9 9 9 9 9 9 9 9 9 9 9 9 10 10 10 10 10 9 9 9 8 8 10 6 9 10 9 9 10 9 11 8 9 9 7 6 7 10 11 10 8 9 9 10 6 6 9 10 11 9 11 12 11 3 5 7 8 12 9 5 1 1 3 6 2 2 1 2 5 7 8 9 6 10 11 10 9 10 10 11 12 11 8 8 9 8 9 10 10 9 9 9 9 9 9 9 9 9 9 9 9 9 11 11 8 12 12 11 10 11
9 9 9 9 9 9 9 9 8 9 9 9 9 9 10 9 9 10 10 9 9 9 9 9 9 9 8 9 9 9 9 9 9 9 9 6 8 9 11 11 10 10 9 9 9 9 9 9 9 9 9 9 9 9 9 9 9 9 9 9 9 9 9 9 9 9 9 9 9 9 9 9 9 9 9 9 9 9 9 9 9 9 9 9 9 9 9 9 9 9 9 9 9 9 9 9 9 10 10 10 10 10 10 10 10 10 10 9 9 9 7 10 9 9 7 10 9 9 9 10 10 10 8 6 2 7 11 11 9 8 8 9 9 9 7 7 9 9 10 11 8 7 6 2 2 5 7 8 4 4 6 8 9 10 9 8 5 6 8 9 11 8 10 11 9 9 11 12 10 8 11 11 11 11 11 9 9 9 10 9 9 9 9 9 9 9 9 9 9 9 10 11 11 10 9 12 10 8 10 9
9 9 9 9 9 9 9 9 9 9 9 9 9 10 9 10 10 10 9 9 9 9 9 9 9 9 9 9 9 9 9 9 8 7 5 8 9 11 11 9 9 9 9 9 9 9 9 9 9 9 9 9 9 9 9 9 9 9 9 9 9 9 9 9 9 9 9 9 9 9 9 9 9 9 9 9 9 9 9 9 9 9 9 9 9 9 9 9 9 9 9 9 9 9 9 9 9 10 10 10 10 10 10 9 9 9 9 9 9 9 9 9 9 9 7 8 9 9 9 9 9 8 3 2 7 13 10 10 9 8 9 9 9 9 9 7 2 6 11 9 2 3 2 2 7 10 11 11 13 12 11 11 13 8 9 11 9 9 12 14 13 13 13 12 11 11 10 6 6 11 13 13 11 8 9 8 10 9 8 9 9 10 9 9 9 10 9 9 9 10 10 10 10 8 9 11 9 9 9 9
9 9 9 9 9 9 9 9 9 9 9 9 9 9 10 10 10 9 9 9 9 9 9 9 9 9 9 9 9 9 9 8 6 6 10 10 11 10 9 9 9 9 9 9 9 9 9 9 9 9 9 9 9 9 9 9 9 9 9 9 9 9 9 9 9 9 9 9 9 9 9 9 9 9 9 9 9 9 9 9 8 9 9 9 9 9 9 9 9 9 9 9 9 9 10 9 10 10 10 9 9 9 10 9 9 9 9 9 9 9 9 9 9 9 7 8 10 9 9 9 9 9 4 8 12 12 9 9 8 9 9 8 8 9 9 4 2 7 10 6 4 7 9 10 13 14 12 8 12 11 8 12 12 7 9 8 5 13 14 12 10 10 9 9 9 9 5 7 12 12 12 9 8 7 8 8 9 5 8 9 10 9 9 10 10 9 9 9 9 10 10 11 11 9 9 10 9 9 9 9
9 9 9 9 9 9 9 9 9 9 9 9 9 11 10 9 9 9 9 9 9 9 9 9 9 8 9 9 9 8 8 6 7 10 10 11 9 9 9 9 9 9 9 9 9 9 9 9 9 9 9 9 9 9 9 9 9 9 9 9 9 9 9 9 9 9 9 9 9 9 9 9 9 9 9 9 9 9 9 9 7 10 9 9 9 9 9 9 9 9 9 9 9 9 10 9 10 10 9 9 9 10 10 10 9 9 9 9 9 9 9 9 9 9 8 8 10 9 9 9 9 9 8 11 11 9 9 9 9 9 8 9 9 9 9 8 5 10 13 10 11 13 10 7 10 8 9 6 9 8 7 7 8 7 2 6 12 13 11 10 9 9 9 8 9 9 9 11 10 9 9 9 9 9 10 8 5 6 9 9 9 9 10 10 9 10 9 10 10 10 10 11 11 12 12 11 9 9 10 9
9 9 9 9 9 9 9 9 9 9 9 9 10 10 9 9 9 10 9 9 9 9 9 9 8 9 8 8 8 9 6 8 10 11 10 9 9 9 9 9 9 9 9 9 9 9 9 9 9 9 9 9 9 9 9 9 9 9 9 9 9 9 9 9 9 9 9 9 9 9 9 9 9 9 9 9 9 9 9 7 9 9 9 9 9 9 9 9 9 9 9 9 9 9 9 10 10 10 9 9 9 9 10 9 9 9 9 9 9 9 9 9 9 9 8 8 9 9 9 9 9 9 9 9 4 6 8 9 9 8 9 9 9 9 9 7 6 12 12 13 10 5 3 5 10 13 10 8 10 8 5 4 2 1 1 8 10 10 9 9 9 9 8 8 9 9 9 9 9 9 9 9 9 9 8 3 3 6 9 10 10 9 10 10 10 10 10 10 10 9 10 11 12 12 10 9 9 9 9 9
9 9 9 9 9 9 9 9 9 9 9 10 10 9 9 9 9 9 9 9 9 9 8 8 9 8 6 8 9 7 8 9 10 10 9 9 9 9 9 9 9 9 9 9 9 9 9 9 9 9 9 9 9 9 9 9 9 9 9 9 9 9 9 9 9 9 9 9 9 9 9 9 9 9 9 9 9 9 9 9 10 9 9 9 9 9 9 9 10 9 9 9 9 10 9 10 10 10 9 9 9 9 9 9 9 9 8 9 9 9 9 9 9 9 9 8 9 10 9 9 9 9 9 8 3 9 12 9 9 9 9 9 9 9 8 5 9 11 10 10 8 4 9 11 13 12 9 9 9 7 9 9 6 6 6 9 11 10 9 9 9 9 8 9 9 9 9 9 9 9 9 9 9 9 8 3 4 7 9 10 10 10 11 9 11 10 11 10 9 9 10 10 9 12 9 9 9 9 9 9
9 9 9 9 9 9 9 9 9 9 10 10 9 9 9 9 10 9 9 9 9 8 8 9 6 5 8 9 8 8 10 11 10 9 9 9 9 9 9 9 9 9 9 9 9 9 9 9 9 9 9 9 9 9 9 9 9 9 9 9 9 9 9 9 9 9 9 9 9 9 9 9 9 9 9 9 9 9 9 9 9 9 9 9 9 9 9 10 9 9 9 9 9 10 10 10 10 9 9 9 9 9 10 9 9 8 9 9 9 9 9 9 9 9 9 9 8 9 10 9 9 9 9 8 2 8 12 9 9 9 8 9 8 8 7 8 12 10 9 8 5 4 13 12 8 9 9 9 9 9 8 10 8 8 9 9 12 11 9 9 9 9 9 9 9 9 9 9 9 8 9 9 8 9 8 3 3 8 9 10 11 11 12 12 11 10 10 8 9 9 9 10 11 13 10 10 9 9 9 9
9 9 9 9 9 9 9 9 9 10 10 9 10 9 9 9 9 9 9 9 8 9 7 3 6 9 10 9 9 11 10 9 8 9 9 9 9 9 9 9 9 9 9 9 9 9 9 9 9 9 9 9 9 9 9 9 9 9 9 9 9 9 9 9 9 9 9 9 9 9 9 9 9 9 9 9 9 9 9 9 9 9 9 9 9 9 9 9 9 9 9 9 9 10 10 10 10 10 9 9 9 9 9 9 9 9 9 9 9 9 9 9 9 9 9 9 9 9 9 9 9 9 9 7 3 9 11 8 6 6 7 6 4 8 9 10 10 9 8 5 3 10 12 9 6 10 9 9 9 9 9 7 8 8 9 10 13 12 9 9 9 9 9 9 9 9 9 9 9 9 9 9 9 9 9 3 5 8 9 9 11 11 12 11 9 6 8 8 8 9 10 11 12 11 10 8 8 9 9 9
9 9 9 9 9 9 9 9 10 9 9 9 9 9 9 9 9 9 9 8 8 8 5 5 10 11 10 10 10 10 9 8 9 9 9 9 9 9 9 9 9 9 9 9 9 9 9 9 9 9 9 9 9 9 9 9 9 9 9 9 9 9 9 9 9 9 9 9 9 9 9 9 9 9 9 9 9 9 9 9 9 9 9 9 9 9 9 10 10 10 10 9 9 10 10 10 10 9 9 9 9 9 9 9 9 9 9 9 9 9 9 9 9 9 9 9 9 8 8 9 8 8 9 8 2 9 13 8 5 9 10 9 9 10 6 9 8 8 5 4 8 13 10 9 8 10 9 9 9 9 9 9 9 5 9 12 11 9 9 9 9 9 9 9 9 9 9 9 9 9 9 9 9 9 9 5 3 8 9 10 11 10 9 7 5 6 7 8 8 9 10 12 12 11 9 8 9 9 9 9
9 9 9 9 9 9 9 9 10 10 9 9 9 9 9 9 9 9 7 8 8 8 4 8 13 10 9 8 9 9 9 9 9 9 9 9 9 9 9 9 9 9 9 9 9 9 9 9 9 9 9 9 9 9 9 9 9 9 9 9 9 9 9 9 9 9 9 9 9 9 9 9 9 9 9 9 9 9 9 9 9 9 9 9 9 9 10 10 10 10 10 10 10 10 10 10 10 9 9 9 9 9 9 9 9 9 9 9 9 9 9 9 9 9 9 9 9 9 8 4 1 2 6 6 2 11 12 9 9 10 10 10 10 10 9 7 4 3 7 12 12 10 10 9 9 10 10 10 9 9 9 9 8 6 5 8 10 9 9 9 9 9 9 9 9 9 9 9 9 9 9 9 9 9 9 7 3 9 9 10 9 8 8 7 6 7 8 8 9 9 11 12 13 12 9 9 9 9 9 9
9 9 9 9 9 9 9 9 9 10 10 9 9 9 9 9 9 8 8 9 9 6 6 13 10 8 8 8 9 9 9 9 9 9 9 9 9 9 9 9 9 9 9 9 9 9 9 9 10 9 9 9 9 9 9 9 9 9 9 9 9 9 9 9 9 9 9 9 9 9 9 9 9 9 9 9 9 9 9 9 9 9 9 9 9 9 9 9 9 10 10 10 9 10 10 10 9 9 9 9 9 9 9 9 9 9 9 9 9 9 9 9 9 9 9 9 9 9 6 1 6 6 3 1 5 12 11 9 9 8 11 10 9 9 9 8 6 7 13 10 9 9 9 9 9 9 9 9 9 9 9 9 7 2 6 12 11 9 9 9 9 9 9 9 9 9 9 9 9 9 9 9 9 9 9 6 5 8 8 9 9 9 8 8 8 8 8 9 9 11 12 12 13 11 9 9 9 9 9 9
9 9 9 9 9 9 9 9 10 9 9 9 9 9 9 9 8 7 10 9 9 6 11 10 8 8 8 9 9 9 9 9 9 9 9 9 9 9 9 9 9 9 9 9 9 9 9 9 9 9 9 9 9 9 9 9 9 9 9 9 9 9 9 9 9 9 9 9 9 9 9 9 9 9 9 9 9 9 9 9 9 9 9 9 9 9 9 9 10 10 10 9 9 10 9 9 8 8 9 9 9 9 9 9 9 9 9 9 9 9 9 9 9 9 9 9 9 7 2 3 6 8 8 7 11 13 9 9 9 8 10 9 9 9 9 8 4 9 12 9 9 9 9 9 9 9 9 9 9 9 9 9 5 4 12 13 9 9 9 9 9 9 9 9 9 9 9 9 9 9 9 9 9 9 9 6 7 7 8 8 9 9 9 9 9 9 9 9 10 12 12 12 11 10 9 9 9 9 9 9
9 9 9 9 9 9 9 9 10 9 9 9 9 9 9 9 7 10 9 9 9 10 10 8 8 8 9 9 9 9 9 9 9 9 9 9 9 9 9 9 9 9 9 9 9 9 9 9 9 9 9 9 9 9 9 9 9 9 9 9 9 9 9 9 9 9 9 9 9 9 9 9 9 9 9 9 10 7 6 8 9 9 9 9 9 9 9 10 10 9 9 10 10 10 9 9 9 9 9 9 9 9 9 9 9 9 9 9 9 9 9 9 9 9 9 9 9 9 6 8 8 10 10 11 13 12 9 9 9 8 10 10 9 9 9 7 2 11 11 10 9 9 9 9 9 9 9 9 9 9 9 6 3 11 13 10 9 9 9 9 9 9 9 9 9 9 9 9 9 9 9 9 9 9 9 8 7 7 8 9 10 9 9 10 10 10 10 10 11 11 13 13 10 9 9 9 9 9 9 9
9 9 9 9 9 9 9 9 10 9 10 9 9 9 8 7 7 10 9 9 9 9 8 8 8 9 9 9 9 9 9 9 9 9 9 9 9 9 9 9 9 9 9 9 9 9 9 9 9 9 9 9 9 9 9 9 9 9 9 9 9 9 9 9 9 9 9 9 9 9 9 9 9 9 9 9 7 4 7 9 10 9 9 9 9 9 9 10 9 10 10 10 10 10 9 9 9 9 9 9 9 9 9 9 9 9 9 9 9 9 9 9 9 9 9 9 9 9 8 8 10 10 13 11 11 11 9 9 9 9 9 9 9 9 9 7 2 12 12 9 9 9 10 9 9 9 9 9 8 9 5 3 11 13 10 9 9 9 9 9 9 9 9 9 9 9 9 9 9 9 9 9 9 9 9 9 9 9 9 9 10 11 10 11 11 11 11 12 12 13 12 10 9 9 9 10 10 9 9 9
9 9 9 9 9 9 9 9 10 9 9 9 9 8 9 8 10 10 9 9 9 8 8 8 9 9 9 9 9 9 9 9 9 9 9 9 9 9 9 9 9 9 9 9 9 9 9 9 9 9 9 9 9 9 9 9 9 9 9 9 9 9 9 9 9 9 9 9 9 9 9 9 9 9 9 9 7 7 9 12 10 9 9 9 9 9 9 10 9 9 10 9 9 9 9 9 9 9 9 9 9 9 9 9 9 9 9 9 9 9 9 9 9 9 9 9 9 9 8 7 10 12 12 4 8 10 9 9 9 9 9 9 9 9 9 4 4 13 12 9 9 9 9 9 9 9 9 7 2 3 4 12 13 10 9 9 9 9 9 9 9 9 9 9 9 9 9 9 9 9 9 9 9 9 9 9 8 9 10 10 9 11 10 11 12 12 13 13 13 12 8 8 9 9 9 9 9 9 9 9
9 9 9 9 9 9 9 9 9 9 9 9 9 9 7 10 10 9 9 9 9 8 9 9 9 9 9 9 9 9 9 9 9 9 9 9 9 9 9 9 10 10 9 9 9 9 9 9 9 9 9 9 9 9 9 9 9 9 9 9 9 9 9 9 9 9 9 9 9 9 9 9 9 9 9 9 9 9 12 13 10 9 9 9 10 9 10 9 9 9 9 9 9 9 9 9 9 9 9 9 9 9 9 9 9 9 9 9 9 9 9 9 9 9 9 9 9 9 9 9 11 10 9 7 8 12 9 9 9 9 9 9 9 9 9 4 4 13 11 9 9 9 9 9 9 9 8 2 3 9 12 13 9 9 9 9 9 9 9 9 9 9 9 9 9 9 9 9 9 9 9 9 9 9 10 9 9 9 9 9 10 12 12 12 13 13 11 10 10 9 9 9 9 9 9 9 9 8 8 8
9 9 9 9 9 9 9 10 9 9 9 9 9 7 9 10 9 9 9 9 9 9 9 8 8 9 9 9 9 9 9 9 9 9 9 9 9 9 9 9 9 9 9 9 9 9 9 9 9 9 9 9 9 9 9 9 9 9 9 9 9 9 9 9 9 9 9 9 9 9 9 9 9 9 9 9 9 9 10 9 9 10 9 10 10 10 10 9 9 9 9 9 9 9 9 9 9 9 9 9 9 9 9 9 9 9 9 9 9 9 9 9 9 9 9 9 9 9 9 9 10 9 9 9 7 6 7 8 9 9 9 9 9 9 9 3 6 13 10 9 9 9 9 8 5 7 3 8 13 13 12 10 9 9 9 9 9 9 9 9 9 9 9 9 9 9 9 9 9 9 9 9 9 10 9 9 9 9 10 9 9 10 10 9 10 10 10 9 9 9 9 9 9 9 9 10 8 7 6 5
9 9 9 9 9 9 9 10 9 10 9 9 9 8 9 9 9 9 9 8 8 8 9 7 10 9 9 9 9 9 9 9 9 9 9 9 10 9 9 9 9 9 9 9 9 9 9 9 9 9 9 9 9 9 9 9 9 9 9 9 9 9 9 9 9 9 9 9 9 9 9 9 9 9 9 9 9 9 9 9 9 9 9 9 10 10 10 9 9 9 9 9 9 9 9 10 9 9 9 9 9 9 9 9 9 9 9 9 9 9 9 9 9 9 9 9 9 9 9 9 9 9 9 9 5 2 4 5 8 9 9 9 9 9 9 4 9 12 9 9 9 5 5 2 6 6 9 12 10 10 9 9 9 9 9 9 9 9 9 9 9 9 9 9 9 9 9 9 9 9 9 9 9 9 9 9 9 9 9 9 9 9 9 9 9 9 9 9 9 9 9 9 9 9 10 8 7 5 6 6
9 9 9 9 9 9 10 10 9 9 9 9 9 9 9 9 9 9 9 9 8 9 9 9 9 9 9 9 9 9 9 9 9 9 9 9 9 9 9 9 9 9 9 9 9 9 9 9 9 9 9 9 9 9 9 9 9 9 9 9 9 9 9 9 9 9 10 9 9 9 9 9 9 9 9 9 9 9 9 9 9 9 9 10 9 9 9 9 9 9 9 9 9 9 9 9 9 9 9 9 9 9 9 9 9 9 9 9 9 9 9 9 9 9 9 9 9 9 9 9 9 9 9 9 4 5 9 8 7 9 9 9 9 9 9 4 7 9 5 7 5 0 2 6 11 12 11 9 9 9 9 9 9 9 9 9 9 9 9 9 9 9 9 9 9 9 9 9 9 9 9 10 9 9 9 10 9 9 9 9 9 9 9 9 9 9 9 9 9 9 9 9 9 10 8 7 7 5 8 7
9 9 9 9 9 9 10 9 9 9 9 9 9 8 9 10 10 9 9 9 8 9 9 9 9 9 9 9 9 9 9 9 9 9 9 9 9 9 9 9 9 9 9 9 9 9 9 9 9 9 9 9 9 9 9 9 9 9 9 9 9 9 9 9 9 9 9 9 9 9 9 9 9 9 9 9 9 9 9 9 9 9 9 9 9 9 9 9 9 9 9 9 9 9 9 9 9 9 9 9 9 9 9 9 9 9 9 9 9 9 9 9 9 9 9 9 9 9 9 9 9 9 9 9 4 7 12 12 12 10 6 7 9 9 7 2 6 8 7 8 3 3 9 13 13 10 10 9 9 9 9 9 9 9 9 9 9 9 9 9 9 9 9 9 9 9 9 9 9 9 9 9 9 9 9 9 9 9 9 9 9 9 9 9 9 9 9 9 9 9 9 9 10 10 7 8 5 5 9 8
9 9 9 9 9 9 10 10 10 9 9 9 8 8 10 9 9 9 9 8 9 9 9 9 9 9 9 9 9 9 9 9 9 9 8 10 9 9 9 9 9 9 9 9 9 9 9 9 9 9 9 9 9 9 9 9 9 9 9 9 9 9 9 9 9 9 9 9 9 9 9 9 9 9 9 9 9 10 9 9 9 9 9 9 9 9 9 9 9 9 9 9 9 9 9 9 9 9 9 9 9 9 10 9 9 9 9 9 9 9 9 9 9 9 9 9 9 9 9 9 9 9 9 9 4 9 13 10 10 9 4 6 8 6 1 4 12 13 12 11 7 6 14 14 10 9 9 9 9 9 9 9 9 9 9 9 9 9 9 9 9 9 9 9 9 9 9 9 9 9 9 9 9 9 9 9 9 9 9 9 9 9 9 9 9 9 9 9 9 9 9 9 10 9 7 6 4 8 9 8
9 9 9 9 9 10 10 10 9 9 9 9 8 9 10 9 9 9 8 8 9 9 9 9 9 9 9 9 9 9 9 9 9 9 10 9 9 9 9 9 9 9 9 9 9 9 9 9 9 9 9 9 9 9 9 9 9 9 9 9 9 9 9 9 9 9 9 9 9 9 9 9 9 9 9 9 9 9 9 9 9 9 9 9 9 9 9 10 9 9 10 10 9 9 9 9 9 9 9 9 9 10 9 9 9 9 9 9 9 9 9 9 9 9 9 9 9 9 9 9 9 9 9 9 4 11 11 9 9 9 6 8 10 2 8 12 13 10 9 8 3 6 12 10 9 9 9 9 8 7 8 9 9 9 9 8 9 9 9 9 9 9 9 9 9 9 9 9 9 9 9 9 9 9 9 9 9 9 9 9 9 9 9 9 9 9 9 9 9 9 9 9 10 9 8 5 6 9 9 9
9 9 9 9 10 10 9 9 9 9 9 9 9 10 9 9 9 9 9 9 9 9 9 9 9 9 9 9 9 9 9 9 10 9 9 9 9 9 9 9 9 9 9 9 9 9 9 9 9 9 9 9 9 9 9 9 9 9 9 9 9 9 9 9 9 9 9 9 9 9 9 9 9 9 9 9 9 9 9 9 9 9 9 9 9 10 10 9 9 9 10 9 9 9 9 9 9 9 9 9 9 9 9 9 9 9 9 9 9 9 9 9 9 9 9 9 9 9 9 9 9 9 9 8 6 11 9 9 9 9 8 9 4 5 12 11 10 9 9 5 5 10 10 9 9 9 9 9 6 8 11 10 10 10 9 9 9 9 9 9 9 9 9 9 9 9 9 9 9 9 9 9 9 9 9 9 9 9 9 9 9 9 9 9 9 9 9 9 9 9 9 9 10 9 7 4 8 9 9 9
9 9 9 9 10 9 9 9 9 9 9 9 8 10 8 9 9 8 9 8 8 9 9 9 9 9 9 9 9 9 9 9 9 9 9 9 9 9 9 9 9 9 9 9 9 9 9 9 9 9 9 9 9 9 9 9 9 9 9 9 9 9 9 9 10 9 9 9 9 9 9 9 9 9 9 9 9 9 9 9 9 9 9 9 10 10 9 9 9 9 9 9 9 9 9 9 9 9 9 9 9 9 9 9 9 9 9 9 9 9 9 9 9 9 9 9 9 9 9 9 9 9 9 8 10 9 9 9 9 9 9 8 2 8 12 10 6 3 2 1 10 7 7 9 10 9 9 9 9 10 11 9 9 9 9 9 9 9 9 9 9 9 9 9 9 9 9 9 9 9 9 9 9 9 9 9 9 9 9 9 9 9 9 9 9 9 9 9 9 9 9 10 9 9 7 4 8 9 9 9
9 9 9 9 10 9 9 9 9 9 9 9 8 9 8 9 8 9 8 8 9 9 9 9 9 9 9 9 9 9 9 9 10 9 9 9 9 9 9 9 9 9 9 9 9 9 9 9 9 9 9 9 9 9 9 9 9 9 9 9 9 9 9 9 10 9 9 9 9 9 9 9 9 9 9 9 9 9 10 10 9 9 9 10 9 9 9 9 9 9 10 9 9 9 9 9 9 9 10 9 9 9 9 9 9 9 9 9 9 9 9 9 9 9 9 9 9 9 9 9 9 9 9 9 10 9 9 9 9 9 9 7 2 10 12 3 1 3 4 8 13 5 8 12 9 9 9 9 6 9 9 9 9 9 9 9 9 9 9 9 9 9 9 9 9 9 9 9 9 9 9 9 9 9 9 9 9 9 9 9 9 9 9 9 9 9 9 9 9 9 9 9 9 9 9 5 9 9 9 9
9 9 9 9 10 9 9 9 9 9 9 8 8 8 8 9 9 8 8 9 9 9 9 9 9 9 9 9 9 9 10 9 9 9 9 9 9 9 9 9 9 9 9 9 9 9 9 9 9 9 9 9 9 9 9 9 9 9 9 9 9 9 9 9 9 9 9 9 9 9 9 9 9 9 9 9 9 9 9 9 9 10 9 9 9 9 9 9 9 9 9 9 9 9 9 9 9 9 9 10 9 9 9 9 9 9 9 9 9 9 9 9 9 9 9 9 9 9 9 9 9 9 9 9 9 9 9 9 9 9 9 7 5 13 10 3 7 9 11 13 13 3 10 13 10 9 9 9 9 10 9 9 9 9 9 9 9 9 9 9 9 9 9 9 9 9 9 9 9 9 9 9 9 9 9 9 9 9 9 9 9 9 9 9 9 9 9 9 9 9 9 9 9 9 9 6 8 9 9 9
9 9 9 9 9 9 9 9 9 9 9 8 9 7 5 8 9 8 8 9 9 9 9 9 9 9 9 9 9 10 10 7 10 9 9 9 9 9 9 9 9 9 9 9 9 9 9 9 9 9 9 9 9 9 9 9 9 9 9 9 9 9 9 9 9 9 9 9 9 9 9 9 9 9 9 9 9 9 9 10 10 10 9 9 9 9 9 9 9 9 9 9 9 9 9 9 9 9 9 9 9 9 9 9 9 9 9 9 9 9 9 9 9 9 9 9 9 9 9 9 9 9 9 9 9 9 9 9 9 9 9 6 8 12 9 6 9 12 14 12 10 7 10 8 9 9 9 9 9 9 9 9 9 9 9 9 9 9 9 9 9 9 9 9 9 9 9 9 9 9 9 9 9 9 9 9 9 9 9 9 9 9 9 9 9 9 9 9 9 9 9 9 9 9 10 8 8 9 10 10
9 9 9 10 9 9 9 9 9 9 9 8 9 8 4 6 7 8 8 9 9 9 9 9 9 9 9 10 9 9 9 9 9 9 9 9 9 9 9 9 9 9 9 9 9 9 9 9 9 9 9 9 9 9 9 9 9 9 9 9 9 9 9 9 9 9 9 9 9 9 9 9 9 9 9 9 9 9 9 9 9 9 9 9 9 9 9 9 9 9 9 9 10 9 9 9 9 9 9 9 9 9 9 9 9 9 9 9 9 9 9 9 9 9 9 9 9 9 9 9 9 9 9 9 9 9 9 9 9 9 9 7 7 10 9 8 7 13 11 9 9 9 4 6 11 9 9 9 9 9 9 9 9 9 9 9 9 9 9 9 9 9 9 9 9 9 9 8 9 9 9 9 9 9 9 9 9 9 9 9 9 9 9 9 9 9 9 9 9 9 9 9 9 9 9 8 8 8 10 10
9 9 9 10 9 9 10 10 10 9 8 9 8 9 7 3 7 10 8 9 9 9 9 9 9 9 9 9 9 9 9 9 9 9 9 9 9 9 9 9 9 9 9 9 9 9 9 9 9 9 9 9 9 9 9 9 9 9 9 9 9 9 9 9 9 9 9 9 9 9 9 9 9 9 9 9 9 9 9 9 9 9 9 9 9 9 10 10 9 9 9 9 9 9 9 9 9 9 9 9 9 9 9 9 9 9 9 9 10 9 9 9 9 9 9 9 9 9 9 9 9 9 9 9 9 10 9 9 9 9 9 8 8 10 7 6 11 10 9 9 9 9 4 6 12 9 9 9 9 9 9 9 9 9 9 9 9 9 9 9 9 9 9 9 9 9 9 9 9 9 9 9 9 9 9 9 9 9 9 9 9 9 9 9 9 9 9 9 9 9 9 9 9 9 9 9 9 9 11 11
9 9 9 10 9 9 9 9 10 8 10 9 9 9 8 9 11 9 9 9 9 9 9 9 9 9 9 9 9 9 9 9 9 9 9 9 9 9 9 9 9 9 9 9 9 9 9 9 9 9 9 9 9 9 9 9 9 9 9 9 9 9 9 9 9 9 9 9 9 9 9 9 9 9 9 9 9 9 9 9 9 9 9 9 9 9 10 9 9 9 9 9 9 9 9 9 9 9 9 9 9 9 9 9 9 9 9 9 9 9 9 9 9 9 9 9 9 9 9 9 9 9 9 9 9 9 8 9 9 9 9 9 7 7 3 12 10 9 9 9 9 9 8 6 11 11 9 8 9 9 9 9 9 9 9 9 9 9 9 9 9 9 9 9 9 9 9 9 9 9 9 9 9 9 9 9 9 9 9 9 9 9 9 9 9 9 9 9 9 9 9 9 9 9 9 9 9 9 9 9
9 9 10 10 9 9 9 9 9 9 9 9 9 7 8 8 8 9 8 9 9 9 9 9 9 9 9 9 9 9 9 9 9 9 9 9 9 9 9 9 9 9 9 9 9 9 9 9 9 9 9 9 9 9 9 9 9 9 9 9 9 9 9 9 10 9 9 9 9 9 9 9 9 9 9 9 9 9 9 9 9 9 9 9 9 9 9 9 9 9 9 9 9 9 9 9 9 9 9 9 9 9 9 9 9 9 9 9 9 9 9 9 9 9 9 9 9 9 9 9 9 9 9 9 9 9 9 9 9 9 9 9 8 3 10 12 9 9 9 9 9 9 9 8 10 11 8 6 10 10 9 9 9 9 9 9 9 9 9 9 9 9 9 9 9 9 9 9 9 9 9 9 9 9 9 9 9 9 9 9 9 9 9 9 9 9 9 9 9 9 9 9 9 9 9 9 9 9 9 8
9 9 10 9 10 9 9 9 10 9 9 8 8 7 9 8 8 9 8 9 9 9 9 9 9 9 9 9 9 9 9 9 9 9 9 9 9 9 9 9 9 9 9 9 9 9 9 9 9 9 9 9 9 9 9 9 9 9 9 9 9 9 9 9 9 9 9 9 9 9 9 9 9 9 9 9 9 10 10 9 9 9 9 9 9 9 9 9 9 9 9 9 9 9 9 9 9 9 9 9 9 9 9 9 9 9 10 9 9 9 10 9 9 9 9 9 9 9 9 9 9 9 9 9 9 9 9 9 9 9 9 9 8 5 12 10 9 9 9 9 9 9 9 9 7 7 2 7 10 10 9 9 9 9 9 9 9 9 9 9 9 9 9 9 9 9 9 9 9 9 9 9 9 9 9 9 9 9 9 9 9 9 9 9 9 9 9 9 9 9 9 9 9 9 9 9 9 9 9 9
9 8 10 9 10 9 8 9 9 9 8 9 6 10 9 8 8 9 9 7 9 9 9 9 9 9 9 9 9 9 9 9 9 9 9 9 9 9 9 9 9 9 9 9 9 9 9 9 9 9 9 9 9 9 9 9 9 9 9 9 9 9 9 9 9 9 9 9 9 9 9 9 9 9 9 9 10 10 10 9 9 9 9 10 9 9 9 9 9 9 9 9 9 9 9 9 9 9 9 9 9 9 9 9 9 9 9 9 9 9 9 9 9 9 9 9 9 9 9 9 9 9 9 9 9 9 9 9 9 9 9 9 9 5 4 6 9 9 9 9 9 9 9 9 7 5 6 13 10 9 9 9 9 9 9 9 9 9 9 9 9 9 9 9 9 9 9 9 9 9 9 9 9 9 9 9 9 9 9 9 9 9 9 9 9 9 9 9 9 9 9 9 9 9 9 9 9 9 9 9
9 6 11 9 10 9 8 9 9 9 9 9 8 9 8 8 9 9 9 9 9 9 9 9 9 9 9 9 9 9 9 9 9 9 9 9 9 9 9 9 9 9 9 9 9 9 9 9 9 9 9 9 9 9 9 9 9 9 9 9 9 9 9 9 9 9 9 9 9 9 9 9 9 9 9 10 10 9 9 9 9 9 9 9 9 10 9 9 9 9 9 9 9 9 9 9 9 6 8 9 9 9 9 9 9 9 9 9 9 9 9 9 9 9 9 9 9 9 9 9 9 9 9 9 9 9 9 9 9 9 9 9 9 4 3 7 8 9 9 9 9 9 9 8 5 9 11 11 9 9 9 9 9 9 9 9 9 9 9 9 9 9 9 9 9 9 9 9 9 9 9 9 9 9 9 9 9 9 9 9 9 9 9 9 9 9 9 9 9 9 9 9 9 9 9 9 9 9 9 9
9 7 9 9 9 9 7 9 9 9 8 8 8 8 8 8 9 9 9 9 9 8 9 9 9 9 9 9 9 9 9 9 9 9 9 9 9 9 9 9 9 9 9 9 9 9 9 9 9 9 9 9 9 9 9 9 9 9 9 9 9 9 9 9 9 9 9 9 9 9 9 9 9 9 9 9 9 9 9 9 9 9 9 9 9 9 9 9 9 9 9 9 9 9 9 9 7 6 10 9 9 9 9 9 9 9 10 10 9 9 9 9 9 9 9 9 9 9 9 9 9 9 9 9 9 9 9 9 9 9 9 9 9 4 4 9 9 9 9 9 9 9 9 7 8 11 9 9 8 9 9 9 9 9 9 9 9 9 9 9 9 9 9 9 9 9 9 9 9 9 9 9 9 9 9 9 9 9 9 9 9 9 9 9 9 9 9 9 9 9 9 9 9 9 9 9 9 9 9 9
8 5 10 9 9 9 8 10 9 9 9 8 8 8 9 9 9 9 9 9 9 9 9 9 9 9 9 9 9 9 9 9 9 9 9 9 9 9 9 9 9 9 9 9 9 9 9 9 9 9 9 9 9 9 9 9 9 9 9 9 9 9 9 9 9 9 9 9 9 9 9 9 9 9 9 9 9 9 9 9 9 9 9 9 9 9 9 9 9 9 9 9 9 9 9 9 9 10 11 9 9 9 9 9 9 9 9 10 9 9 9 9 9 10 9 9 9 9 9 9 9 9 9 9 9 9 9 9 9 9 9 9 9 7 7 10 9 8 9 8 9 9 6 5 11 9 9 9 9 10 9 9 9 9 9 9 9 9 9 9 9 9 9 9 9 9 9 9 9 9 9 9 9 9 9 9 9 9 9 9 9 9 9 9 9 9 9 9 9 9 9 9 9 9 9 9 9 9 9 9
8 9 11 9 9 9 8 10 9 9 8 7 9 9 9 9 9 9 9 9 9 9 9 9 9 9 9 9 9 9 9 9 9 9 9 9 9 9 9 9 9 9 9 9 9 9 9 9 9 9 9 9 9 9 9 9 9 9 9 9 9 9 9 9 9 9 9 9 9 9 9 9 10 10 9 9 9 9 9 9 10 9 9 9 9 9 9 9 9 9 9 9 9 9 9 9 9 9 9 9 9 9 9 9 9 9 9 9 9 9 9 9 9 9 9 9 9 9 9 9 9 9 9 9 9 9 9 9 9 9 9 9 9 9 10 8 6 9 8 6 8 5 6 12 10 9 9 9 9 9 9 9 9 9 9 9 9 9 9 9 9 9 9 9 9 9 9 9 9 9 9 9 9 9 9 9 9 9 9 9 9 9 9 9 9 9 9 9 9 9 9 9 9 9 9 9 9 9 9 9
8 9 10 9 9 9 8 9 8 8 9 9 9 8 9 9 9 9 9 9 9 9 9 9 9 9 9 9 9 9 9 9 9 9 9 9 9 9 9 9 9 9 9 9 9 9 9 9 9 9 9 9 9 9 9 9 9 9 9 9 9 9 9 9 9 9 9 9 9 9 9 9 9 9 9 9 8 8 10 10 10 8 9 10 9 9 9 9 9 9 9 9 9 9 9 9 9 9 9 9 9 9 9 10 9 9 9 9 9 9 9 9 9 9 9 9 9 9 9 9 9 9 9 9 9 9 9 9 9 9 9 9 9 9 9 9 6 8 5 2 3 9 11 10 9 9 9 9 9 9 9 9 9 9 9 9 9 9 9 9 9 9 9 9 9 9 9 9 9 9 9 9 9 9 9 9 9 8 9 9 9 9 9 9 9 9 9 9 9 9 9 9 9 9 9 9 9 9 9 9
8 9 9 9 9 9 8 9 9 9 9 8 9 9 9 9 9 9 9 9 9 9 9 9 9 9 9 9 9 9 9 9 9 9 9 9 9 9 9 9 9 9 9 9 9 9 9 9 9 9 9 9 9 9 9 9 9 9 9 9 9 9 9 9 9 9 9 9 9 9 9 10 10 10 9 9 9 10 10 10 9 9 9 9 9 9 9 9 9 10 9 9 9 9 9 9 9 9 9 9 9 9 9 9 9 9 9 9 9 9 10 9 9 9 9 9 9 9 9 9 9 9 9 9 9 9 9 9 9 9 9 9 9 8 9 9 9 5 5 6 10 13 9 9 9 9 9 9 9 9 9 9 9 9 9 9 9 9 9 9 9 9 9 9 9 9 9 9 9 9 9 9 9 9 9 9 9 9 9 9 9 9 9 9 9 9 9 9 9 9 9 9 9 9 9 9 9 9 9 9
8 10 10 9 9 9 8 9 9 9 9 9 9 9 9 9 9 9 9 9 9 9 9 9 9 9 9 9 9 9 9 9 9 9 9 9 9 9 9 9 9 9 9 9 9 9 9 9 9 9 9 9 9 9 9 9 9 9 9 9 9 9 9 9 9 9 9 9 9 10 9 10 10 10 9 9 9 10 10 9 9 9 9 9 9 9 9 10 9 9 9 8 10 9 9 9 9 9 9 9 9 9 9 9 9 9 9 10 10 10 10 9 9 9 9 9 9 9 9 9 9 9 9 9 9 9 9 9 9 9 9 9 9 9 9 8 10 9 6 10 13 13 10 9 9 9 9 9 9 9 9 9 9 9 9 9 9 9 9 9 9 9 9 9 9 9 9 9 9 9 9 9 9 9 9 9 9 9 9 9 9 9 9 9 9 9 9 9 9 9 9 9 9 9 9 9 9 9 9 9
8 9 9 9 9 9 9 9 10 10 9 9 8 10 9 9 9 9 9 9 9 9 9 9 9 9 9 9 9 9 9 9 9 9 9 9 9 9 9 9 9 9 9 9 9 9 9 9 9 9 9 9 9 9 9 9 9 9 9 9 9 9 10 9 9 9 9 9 10 10 10 10 10 9 9 9 9 9 9 9 9 9 9 9 9 10 10 9 9 9 9 9 9 9 9 9 9 9 9 9 9 9 9 9 9 9 9 9 9 9 9 9 9 9 9 9 9 9 9 9 9 9 9 9 9 9 9 9 9 9 9 9 9 9 7 7 10 9 9 11 11 11 10 9 9 9 9 9 9 9 9 9 9 9 9 9 9 9 9 9 9 9 9 9 9 9 9 9 9 9 9 9 9 9 9 9 9 9 9 9 9 9 9 9 9 9 9 9 9 9 9 9 9 9 9 9 9 9 9 9
9 9 9 9 8 10 10 9 9 10 9 10 9 9 9 9 9 9 9 9 9 9 9 9 9 9 9 9 9 9 9 9 9 9 9 9 9 9 9 9 9 9 9 9 9 9 9 9 9 9 9 9 9 9 9 9 9 9 9 9 9 9 9 9 9 9 9 10 10 10 10 10 9 9 9 9 8 9 9 9 9 9 9 8 9 9 9 9 9 9 10 9 9 9 9 9 9 9 9 9 9 9 9 9 9 10 9 9 9 9 9 9 9 9 9 9 9 9 9 9 9 9 9 9 9 9 9 9 9 9 9 9 9 9 9 11 9 9 9 9 8 6 8 9 9 9 9 9 9 9 9 9 9 9 9 9 9 9 9 9 9 9 9 9 9 9 9 9 9 9 9 9 9 9 9 9 9 9 9 9 9 9 9 9 9 9 9 9 9 9 9 9 9 9 9 9 9 9 9 9
9 9 9 9 8 10 9 9 9 10 9 9 9 9 9 8 9 9 9 9 9 9 9 9 9 9 9 9 9 9 9 9 9 9 9 9 9 9 9 9 9 9 9 9 9 9 9 9 9 9 9 9 9 9 9 9 9 9 9 9 9 9 9 9 9 9 10 10 10 10 10 9 9 9 9 7 9 9 9 9 9 9 9 9 10 9 9 10 9 9 9 9 9 9 9 9 9 9 9 9 9 9 9 10 9 10 10 10 9 9 10 9 9 9 10 9 9 9 9 9 9 9 9 9 9 9 9 9 9 9 9 9 9 9 10 9 9 9 9 9 8 9 9 11 9 9 9 9 9 9 9 9 9 9 9 9 9 9 9 9 9 9 9 9 9 9 9 9 9 9 9 9 9 9 9 9 9 9 9 9 9 9 9 9 9 9 9 8 9 9 9 9 9 9 9 9 9 9 9 9
9 9 9 9 9 9 9 9 8 9 8 8 8 9 8 9 9 9 9 9 9 9 9 9 9 9 9 9 9 9 9 9 9 9 9 9 9 9 9 9 9 9 9 9 9 9 9 9 9 9 9 9 9 9 9 9 9 9 9 9 9 9 9 9 9 10 10 10 10 10 9 9 9 9 9 8 10 9 9 9 9 9 9 9 9 9 9 10 9 9 9 9 9 9 9 9 9 9 9 9 9 9 9 9 9 10 10 9 9 8 9 9 9 9 9 9 9 9 9 9 9 9 9 9 9 9 9 9 9 9 9 9 9 7 10 9 9 9 9 9 9 9 10 9 8 9 9 9 9 9 9 9 9 9 9 9 9 9 9 9 9 9 9 9 9 9 9 9 9 9 9 9 9 9 9 9 9 9 9 9 9 9 9 9 9 9 9 9 9 9 9 9 9 9 9 9 9 9 9 9
9 9 9 9 9 9 9 9 9 9 9 9 9 9 9 8 8 9 9 9 9 9 9 9 9 9 9 9 9 9 9 9 9 9 9 9 9 9 9 9 9 9 9 9 9 9 9 9 9 9 9 9 9 9 9 9 9 9 9 9 9 9 9 9 10 10 10 10 10 9 9 9 9 9 9 9 9 9 9 9 9 9 9 9 9 9 9 9 9 9 9 9 9 9 9 9 9 9 9 9 9 9 9 9 9 9 9 9 9 7 10 10 9 9 9 9 9 9 9 9 9 9 9 9 9 9 9 9 9 9 9 9 8 10 9 9 9 9 9 9 9 9 10 9 7 6 9 9 9 9 9 9 9 9 9 9 9 9 9 9 9 9 9 9 9 9 9 9 9 9 9 9 9 9 9 9 9 9 9 9 9 9 9 9 9 9 9 9 9 9 9 9 9 9 9 9 9 9 9 9
9 9 9 9 9 10 10 10 10 10 10 9 9 9 9 9 9 9 9 9 9 9 9 9 9 9 9 9 9 9 9 9 9 9 9 9 9 9 9 9 9 9 9 9 9 9 9 9 9 9 9 9 9 9 9 9 9 9 9 9 9 9 9 9 10 9 10 9 9 9 9 9 9 9 9 9 9 9 9 9 9 9 9 9 9 9 10 10 10 10 9 9 9 9 9 9 9 9 9 9 9 9 10 9 9 9 9 9 9 9 9 9 9 9 9 9 9 9 9 9 9 9 9 9 9 9 9 9 9 9 9 9 9 10 9 9 9 9 9 9 8 10 10 9 4 8 11 9 9 9 9 9 9 9 9 9 9 9 9 9 9 9 9 9 9 9 9 9 9 9 9 9 9 9 9 9 9 9 9 9 9 9 9 9 9 9 9 9 9 9 9 9 9 9 9 9 9 9 9 9
9 9 9 9 9 9 10 9 9 9 9 9 9 8 9 9 8 9 9 9 9 9 9 9 9 9 9 9 9 9 9 9 9 9 9 9 8 10 9 9 9 9 9 9 9 9 9 9 9 9 9 9 9 9 9 9 9 9 9 9 9 9 9 9 10 10 10 9 9 9 9 9 9 9 9 9 9 9 9 9 10 10 9 9 9 9 10 10 10 9 9 9 9 9 10 10 9 9 10 10 10 9 9 9 10 10 9 9 9 9 8 9 9 9 9 9 9 9 9 9 9 9 9 9 9 9 9 9 9 9 9 9 9 9 9 9 9 9 9 8 9 10 9 9 9 9 11 9 9 9 9 9 9 9 9 9 9 9 9 9 9 9 9 9 9 9 9 9 9 9 9 9 9 9 9 9 9 9 9 9 9 9 9 9 9 9 9 9 9 9 9 9 9 9 9 9 9 9 9 9
9 9 9 9 9 9 9 9 9 9 9 9 8 9 10 9 8 8 9 8 9 9 9 9 9 9 9 9 9 9 9 8 9 9 9 9 8 9 9 9 9 9 9 9 9 9 9 9 9 9 9 9 9 9 9 9 9 9 9 9 9 9 9 9 10 10 10 9 9 9 9 9 9 9 9 9 9 9 9 9 10 9 9 9 9 10 10 10 9 9 9 9 9 10 10 9 9 9 10 10 9 9 9 10 10 10 10 9 9 9 8 9 9 9 9 9 9 9 9 9 9 9 9 9 9 9 9 9 9 9 8 9 9 9 9 9 9 9 9 8 10 9 9 9 9 8 9 10 9 9 9 9 9 9 9 9 9 9 9 9 9 9 9 9 9 9 9 9 9 9 9 9 9 9 9 9 9 9 9 9 9 9 9 9 9 9 9 9 9 9 9 9 9 9 9 9 9 9 9 9
9 9 9 9 9 9 9 9 9 9 8 9 8 9 8 9 8 9 10 9 9 9 9 9 9 9 9 9 9 9 9 9 10 9 9 9 8 9 9 9 9 9 9 9 9 9 9 9 9 9 9 9 8 9 9 9 9 9 9 9 9 9 9 9 10 10 9 9 9 10 9 9 9 9 9 9 9 9 9 9 9 9 9 9 9 9 9 9 9 9 9 9 9 10 9 9 9 9 9 9 9 9 9 10 10 9 9 9 9 9 9 9 9 9 9 9 9 9 9 9 9 9 9 9 9 9 9 9 9 8 7 10 9 9 9 9 9 9 8 10 9 9 9 9 9 9 8 10 9 9 9 9 9 9 9 9 9 9 9 9 9 9 9 9 9 9 9 9 9 9 9 9 9 9 9 9 9 9 9 9 9 9 9 9 9 9 9 9 9 9 9 9 9 9 9 9 9 9 9 9 
-10 -9 -8 -7 -6 -5 -4 -3 -2 -1 0 1 2 3 4 5 6 7 8 9 10
-10 -9 -8 -7 -6 -5 -4 -3 -2 -1 0 1 2 3 4 5 6 7 8 9 10
-10 -9 -8 -7 -6 -5 -4 -3 -2 -1 0 1 2 3 4 5 6 7 8 9 10
-10 -9 -8 -7 -6 -5 -4 -3 -2 -1 0 1 2 3 4 5 6 7 8 9 10
-10 -9 -8 -7 -6 -5 -4 -3 -2 -1 0 1 2 3 4 5 6 7 8 9 10
-10 -9 -8 -7 -6 -5 -4 -3 -2 -1 0 1 2 3 4 5 6 7 8 9 10
-10 -9 -8 -7 -6 -5 -4 -3 -2 -1 0 1 2 3 4 5 6 7 8 9 10
-10 -9 -8 -7 -6 -5 -4 -3 -2 -1 0 1 2 3 4 5 6 7 8 9 10
-10 -9 -8 -7 -6 -5 -4 -3 -2 -1 0 1 2 3 4 5 6 7 8 9 10
0 0 0 0 0 0 0 0 0 0
0 0 0 0 0 0 0 0 0 0
0 0 0 0 0 0 0 0 0 0
0 0 0 0 0 0 0 0 0 0
0 0 0 0 0 0 0 0 0 0
0 0 0 0 0 0 0 0 0 0
0 0 0 0 0 0 0 0 0 0
0 0 0 0 0 0 0 0 0 0
0 0 0 0 0 0 0 0 0 0
0 0 0 0 0 0 0 0 0 0
0 0 0 0 0 0 0 0 0 0
0 0 0 0 0 0 0 0 0 0
0 0 0 0 0 0 0 0 0 0
0 0 0 0 0 0 0 0 0 00 0 0 0 0 0 0 0 0 0 0 0 0 0 0 0 0 0 0 0 0
0 0 0 0 0 0 0 0 0 0 0 0 0 0 0 0 0 0 0 0 0
0 0 0 0 0 0 0 0 0 0 0 0 0 0 0 0 0 0 0 0 0
0 0 0 0 0 0 0 0 0 0 0 0 0 0 0 0 0 0 0 0 0
0 0 0 0 0 0 0 0 0 0 0 0 0 0 0 0 0 0 0 0 0
0 0 0 0 0 0 0 0 0 0 0 0 0 0 0 0 0 0 0 0 0
0 0 0 0 0 0 0 0 0 0 0 0 0 0 0 0 0 0 0 0 0
0 0 0 0 0 0 0 0 0 0 0 0 0 0 0 0 0 0 0 0 0
0 0 0 0 0 0 0 0 0 0 0 0 0 0 0 0 0 0 0 0 0
0 0 0 0 0 0 0 0 0 0 0 0 0 0 0 0 0 0 0 0 0 0 0 0 0 0 0 0 0 0 0 0 0 0 0 0 0 0 0 0 0 0 0 0 0 0 0 0
0 0 0 0 0 0 0 0 0 0 0 0 0 0 0 0 0 0 0 0 0 0 0 0 0 0 0 0 0 0 0 0 0 0 0 0 0 0 0 0 0 0 0 0 0 0 0 0
0 0 0 0 0 0 0 0 0 0 0 0 0 0 0 0 0 0 0 0 0 0 0 0 0 0 0 0 0 0 0 0 0 0 0 0 0 0 0 0 0 0 0 0 0 0 0 0
0 0 0 0 1 1 1 1 1 1 1 1 1 1 1 1 1 1 1 1 1 1 1 1 1 1 1 1 1 1 1 1 1 1 1 1 1 1 1 1 1 1 1 1 0 0 0 0
0 0 0 0 1 2 2 2 2 2 2 2 2 2 2 2 2 2 2 2 2 2 2 2 2 2 2 2 2 2 2 2 2 2 2 2 2 2 2 2 2 2 2 1 0 0 0 0
0 0 0 0 1 2 3 3 3 3 3 3 3 3 3 3 3 3 3 3 3 3 3 3 3 3 3 3 3 3 3 3 3 3 3 3 3 3 3 3 3 3 2 1 0 0 0 0
0 0 0 0 1 2 3 4 4 4 4 4 4 4 4 4 4 4 4 4 4 4 4 4 4 4 4 4 4 4 4 4 4 4 4 4 4 4 4 4 4 3 2 1 0 0 0 0
0 0 0 0 1 2 3 4 5 5 5 5 5 5 5 5 5 5 5 5 5 5 5 5 5 5 5 5 5 5 5 5 5 5 5 5 5 5 5 5 4 3 2 1 0 0 0 0
0 0 0 0 1 2 3 4 5 6 6 6 6 6 6 6 6 6 6 6 6 6 6 6 6 6 6 6 6 6 6 6 6 6 6 6 6 6 6 5 4 3 2 1 0 0 0 0
0 0 0 0 1 2 3 4 5 6 7 7 7 7 7 7 7 7 7 7 7 7 7 7 7 7 7 7 7 7 7 7 7 7 7 7 7 7 6 5 4 3 2 1 0 0 0 0
0 0 0 0 1 2 3 4 5 6 7 6 6 6 6 6 6 6 6 6 6 6 6 6 6 6 6 6 6 6 6 6 6 6 6 6 6 7 6 5 4 3 2 1 0 0 0 0
0 0 0 0 1 2 3 4 5 6 7 6 5 5 5 5 5 5 5 5 5 5 5 5 5 5 5 5 5 5 5 5 5 5 5 5 6 7 6 5 4 3 2 1 0 0 0 0
0 0 0 0 1 2 3 4 5 6 7 6 5 4 4 4 4 4 4 4 4 4 4 4 4 4 4 4 4 4 4 4 4 4 4 5 6 7 6 5 4 3 2 1 0 0 0 0
0 0 0 0 1 2 3 4 5 6 7 6 5 4 3 3 3 3 3 3 3 3 3 3 3 3 3 3 3 3 3 3 3 3 4 5 6 7 6 5 4 3 2 1 0 0 0 0
0 0 0 0 1 2 3 4 5 6 7 6 5 4 3 2 2 2 2 2 2 2 2 2 2 2 2 2 2 2 2 2 2 3 4 5 6 7 6 5 4 3 2 1 0 0 0 0
0 0 0 0 1 2 3 4 5 6 7 6 5 4 3 2 1 1 1 1 1 1 1 1 1 1 1 1 1 1 1 1 2 3 4 5 6 7 6 5 4 3 2 1 0 0 0 0
0 0 0 0 1 2 3 4 5 6 7 6 5 4 3 2 1 -1 -1 -1 -1 -1 -1 -1 -1 -1 -1 -1 -1 -1 -1 1 2 3 4 5 6 7 6 5 4 3 2 1 0 0 0 0
0 0 0 0 1 2 3 4 5 6 7 6 5 4 3 2 1 -1 -2 -1 -1 -1 -1 -1 -2 -2 -2 -2 -2 -2 -1 1 2 3 4 5 6 7 6 5 4 3 2 1 0 0 0 0
0 0 0 0 1 2 3 4 5 6 7 6 5 4 3 2 1 -1 -2 -3 -3 -3 -3 -3 -3 -3 -3 -3 -3 -2 -1 1 2 3 4 5 6 7 6 5 4 3 2 1 0 0 0 0
0 0 0 0 1 2 3 4 5 6 7 6 5 4 3 2 1 -1 -2 -3 -4 -4 -4 -4 -4 -4 -4 -4 -3 -2 -1 1 2 3 4 5 6 7 6 5 4 3 2 1 0 0 0 
0 0 0 0 1 2 3 4 5 6 7 6 5 4 3 2 1 -1 -2 -3 -4 -5 -5 -5 -5 -5 -5 -4 -3 -2 -1 1 2 3 4 5 6 7 6 5 4 3 2 1 0 0 0 0
0 0 0 0 1 2 3 4 5 6 7 6 5 4 3 2 1 -1 -2 -3 -4 -5 -6 -6 -6 -6 -5 -4 -3 -2 -1 1 2 3 4 5 6 7 6 5 4 3 2 1 0 0 0 0
0 0 0 0 1 2 3 4 5 6 7 6 5 4 3 2 1 -1 -2 -3 -4 -5 -6 -7 -7 -6 -5 -4 -3 -2 -1 1 2 3 4 5 6 7 6 5 4 3 2 1 0 0 0 0
0 0 0 0 1 2 3 4 5 6 7 6 5 4 3 2 1 -1 -2 -3 -4 -5 -6 -7 -7 -6 -5 -4 -3 -2 -1 1 2 3 4 5 6 7 6 5 4 3 2 1 0 0 0 0
0 0 0 0 1 2 3 4 5 6 7 6 5 4 3 2 1 -1 -2 -3 -4 -5 -6 -6 -6 -6 -5 -4 -3 -2 -1 1 2 3 4 5 6 7 6 5 4 3 2 1 0 0 0 0
0 0 0 0 1 2 3 4 5 6 7 6 5 4 3 2 1 -1 -2 -3 -4 -5 -5 -5 -5 -5 -5 -4 -3 -2 -1 1 2 3 4 5 6 7 6 5 4 3 2 1 0 0 0 0
0 0 0 0 1 2 3 4 5 6 7 6 5 4 3 2 1 -1 -2 -3 -4 -4 -4 -4 -4 -4 -4 -4 -3 -2 -1 1 2 3 4 5 6 7 6 5 4 3 2 1 0 0 0 0
0 0 0 0 1 2 3 4 5 6 7 6 5 4 3 2 1 -1 -2 -3 -3 -3 -3 -3 -3 -3 -3 -3 -3 -2 -1 1 2 3 4 5 6 7 6 5 4 3 2 1 0 0 0 0
0 0 0 0 1 2 3 4 5 6 7 6 5 4 3 2 1 -1 -2 -2 -2 -2 -2 -2 -2 -2 -2 -2 -2 -2 -1 1 2 3 4 5 6 7 6 5 4 3 2 1 0 0 0 0
0 0 0 0 1 2 3 4 5 6 7 6 5 4 3 2 1 -1 -1 -1 -1 -1 -1 -1 -1 -1 -1 -1 -1 -1 -1 1 2 3 4 5 6 7 6 5 4 3 2 1 0 0 0 0
0 0 0 0 1 2 3 4 5 6 7 6 5 4 3 2 1 1 1 1 1 1 1 1 1 1 1 1 1 1 1 1 2 3 4 5 6 7 6 5 4 3 2 1 0 0 0 0
0 0 0 0 1 2 3 4 5 6 7 6 5 4 3 2 2 2 2 2 2 2 2 2 2 2 2 2 2 2 2 2 2 3 4 5 6 7 6 5 4 3 2 1 0 0 0 0
0 0 0 0 1 2 3 4 5 6 7 6 5 4 3 3 3 3 3 3 3 3 3 3 3 3 3 3 3 3 3 3 3 3 4 5 6 7 6 5 4 3 2 1 0 0 0 0
0 0 0 0 1 2 3 4 5 6 7 6 5 4 4 4 4 4 4 4 4 4 4 4 4 4 4 4 4 4 4 4 4 4 4 5 6 7 6 5 4 3 2 1 0 0 0 0
0 0 0 0 1 2 3 4 5 6 7 6 5 5 5 5 5 5 5 5 5 5 5 5 5 5 5 5 5 5 5 5 5 5 5 5 6 7 6 5 4 3 2 1 0 0 0 0
0 0 0 0 1 2 3 4 5 6 7 6 6 6 6 6 6 6 6 6 6 6 6 6 6 6 6 6 6 6 6 6 6 6 6 6 6 7 6 5 4 3 2 1 0 0 0 0
0 0 0 0 1 2 3 4 5 6 7 7 7 7 7 7 7 7 7 7 7 7 7 7 7 7 7 7 7 7 7 7 7 7 7 7 7 7 6 5 4 3 2 1 0 0 0 0
0 0 0 0 1 2 3 4 5 6 6 6 6 6 6 6 6 6 6 6 6 6 6 6 6 6 6 6 6 6 6 6 6 6 6 6 6 6 6 5 4 3 2 1 0 0 0 0
0 0 0 0 1 2 3 4 5 5 5 5 5 5 5 5 5 5 5 5 5 5 5 5 5 5 5 5 5 5 5 5 5 5 5 5 5 5 5 5 4 3 2 1 0 0 0 0
0 0 0 0 1 2 3 4 4 4 4 4 4 4 4 4 4 4 4 4 4 4 4 4 4 4 4 4 4 4 4 4 4 4 4 4 4 4 4 4 4 3 2 1 0 0 0 0
0 0 0 0 1 2 3 3 3 3 3 3 3 3 3 3 3 3 3 3 3 3 3 3 3 3 3 3 3 3 3 3 3 3 3 3 3 3 3 3 3 3 2 1 0 0 0 0
0 0 0 0 1 2 2 2 2 2 2 2 2 2 2 2 2 2 2 2 2 2 2 2 2 2 2 2 2 2 2 2 2 2 2 2 2 2 2 2 2 2 2 1 0 0 0 0
0 0 0 0 1 1 1 1 1 1 1 1 1 1 1 1 1 1 1 1 1 1 1 1 1 1 1 1 1 1 1 1 1 1 1 1 1 1 1 1 1 1 1 1 0 0 0 0
0 0 0 0 0 0 0 0 0 0 0 0 0 0 0 0 0 0 0 0 0 0 0 0 0 0 0 0 0 0 0 0 0 0 0 0 0 0 0 0 0 0 0 0 0 0 0 0
0 0 0 0 0 0 0 0 0 0 0 0 0 0 0 0 0 0 0 0 0 0 0 0 0 0 0 0 0 0 0 0 0 0 0 0 0 0 0 0 0 0 0 0 0 0 0 0
0 0 0 0 0 0 0 0 0 0 0 0 0 0 0 0 0 0 0 0 0 0 0 0 0 0 0 0 0 0 0 0 0 0 0 0 0 0 0 0 0 0 0 0 0 0 0 0
0 0 0 0 0 0 0 0 0 0 0 0 0 0 0 0 0 0 0 0 0 0 0 0 0 0 0 0 0 0 0 0 0 0 0 0 0 0 0 0 0 0 0 0 0 0 0 0
 0   0   0   0   0  0  0  0  0  0  0  0  0 0 0 0 0 0 0 0 0 0 0 0  0  0  0
-1  -1  -1  -1  -1 -1 -1 -1 -1 -1 -1 -1 -1 0 1 1 1 1 1 1 1 1 1 1  1  1  1
-2  -2  -2  -2  -2 -2 -2 -2 -2 -2 -2 -2 -1 0 1 2 2 2 2 2 2 2 2 2  2  2  2
-3  -3  -3  -3  -3 -3 -3 -3 -3 -3 -3 -2 -1 0 1 2 3 3 3 3 3 3 3 3  3  3  3
-4  -4  -4  -4  -4 -4 -4 -4 -4 -4 -3 -2 -1 0 1 2 3 4 4 4 4 4 4 4  4  4  4
-5  -5  -5  -5  -5 -5 -5 -5 -5 -4 -3 -2 -1 0 1 2 3 4 5 5 5 5 5 5  5  5  5
-6  -6  -6  -6  -6 -6 -6 -6 -5 -4 -3 -2 -1 0 1 2 3 4 5 6 6 6 6 6  6  6  6
-7  -7  -7  -7  -7 -7 -7 -6 -5 -4 -3 -2 -1 0 1 2 3 4 5 6 7 7 7 7  7  7  7
-8  -8  -8  -8  -8 -8 -7 -6 -5 -4 -3 -2 -1 0 1 2 3 4 5 6 7 8 8 8  8  8  8
-9  -9  -9  -9  -9 -8 -7 -6 -5 -4 -3 -2 -1 0 1 2 3 4 5 6 7 8 9 9  9  9  9
-10 -10 -10 -10 -9 -8 -7 -6 -5 -4 -3 -2 -1 0 1 2 3 4 5 6 7 8 9 10 10 10 10
-11 -11 -11 -10 -9 -8 -7 -6 -5 -4 -3 -2 -1 0 1 2 3 4 5 6 7 8 9 10 11 11 11
-12 -12 -11 -10 -9 -8 -7 -6 -5 -4 -3 -2 -1 0 1 2 3 4 5 6 7 8 9 10 11 12 12
-13 -12 -11 -10 -9 -8 -7 -6 -5 -4 -3 -2 -1 0 1 2 3 4 5 6 7 8 9 10 11 12 13
-13 -12 -11 -10 -9 -8 -7 -6 -5 -4 -3 -2 -1 0 1 2 3 4 5 6 7 8 9 10 11 12 12
-13 -12 -11 -10 -9 -8 -7 -6 -5 -4 -3 -2 -1 0 1 2 3 4 5 6 7 8 9 10 11 11 11
-13 -12 -11 -10 -9 -8 -7 -6 -5 -4 -3 -2 -1 0 1 2 3 4 5 6 7 8 9 10 10 10 10
-13 -12 -11 -10 -9 -8 -7 -6 -5 -4 -3 -2 -1 0 1 2 3 4 5 6 7 8 9 9  9  9  9
-13 -12 -11 -10 -9 -8 -7 -6 -5 -4 -3 -2 -1 0 1 2 3 4 5 6 7 8 8 8  8  8  8
-13 -12 -11 -10 -9 -8 -7 -6 -5 -4 -3 -2 -1 0 1 2 3 4 5 6 7 7 7 7  7  7  7
-13 -12 -11 -10 -9 -8 -7 -6 -5 -4 -3 -2 -1 0 1 2 3 4 5 6 6 6 6 6  6  6  6
-13 -12 -11 -10 -9 -8 -7 -6 -5 -4 -3 -2 -1 0 1 2 3 4 5 5 5 5 5 5  5  5  5
-13 -12 -11 -10 -9 -8 -7 -6 -4 -4 -3 -2 -1 0 1 2 3 4 4 4 4 4 4 4  4  4  4
-13 -12 -11 -10 -9 -8 -7 -6 -5 -4 -3 -2 -1 0 1 2 3 3 3 3 3 3 3 3  3  3  3
-13 -12 -11 -10 -9 -8 -7 -6 -5 -4 -3 -2 -1 0 1 2 2 2 2 2 2 2 2 2  2  2  2
-13 -12 -11 -10 -9 -8 -7 -6 -5 -4 -3 -2 -1 0 1 1 1 1 1 1 1 1 1 1  1  1  1
  0   0  0   0   0  0  0  0  0  0  0  0 0  0 0 0 0 0 0 0 0 0 0 0  0  0  0
0 0 0 0 0 0 0 0 0 0 0 0 0 0 0 0 0 0 0 0 0 0 0 0 0 0 0
0 0 0 0 0 0 0 0 0 0 0 0 0 0 0 0 0 0 0 0 0 0 0 0 0 0 0
0 0 0 0 0 0 0 0 0 0 0 0 0 0 0 0 0 0 0 0 0 0 0 0 0 0 0
0 0 0 0 0 0 0 0 0 0 0 0 0 0 0 0 0 0 0 0 0 0 0 0 0 0 0
0 0 0 0 0 0 0 0 0 0 0 0 0 0 0 0 0 0 0 0 0 0 0 0 0 0 0
0 0 0 0 0 1 1 1 1 1 1 1 1 1 1 1 1 1 1 1 1 1 0 0 0 0 0
0 0 0 0 0 1 2 2 2 2 2 2 2 2 2 2 2 2 2 2 2 1 0 0 0 0 0
0 0 0 0 0 1 2 3 3 3 3 3 3 3 3 3 3 3 3 3 2 1 0 0 0 0 0
0 0 0 0 0 1 2 3 4 4 4 4 4 4 4 4 4 4 4 3 2 1 0 0 0 0 0
0 0 0 0 0 1 2 3 4 4 4 4 4 4 4 4 4 4 4 3 2 1 0 0 0 0 0
0 0 0 0 0 1 2 3 4 4 4 4 4 4 4 4 4 4 4 3 2 1 0 0 0 0 0
0 0 0 0 0 1 2 3 4 4 4 4 4 4 4 4 4 4 4 3 2 1 0 0 0 0 0
0 0 0 0 0 1 2 3 4 4 4 4 4 4 4 4 4 4 4 3 2 1 0 0 0 0 0
0 0 0 0 0 1 2 3 4 5 5 5 5 5 5 5 5 5 4 3 2 1 0 0 0 0 0
0 0 0 0 0 1 2 3 4 5 6 6 6 6 6 6 6 5 4 3 2 1 0 0 0 0 0
0 0 0 0 0 1 2 3 4 5 6 7 7 7 7 7 6 5 4 3 2 1 0 0 0 0 0
0 0 0 0 0 1 2 3 4 5 6 7 8,0xFFFFFF 8,0xFFFFFF 8,0xFFFFFF 7 6 5 4 3 2 1 0 0 0 0 0
0 0 0 0 0 1 2 3 4 5 6 7 8,0xFFFFFF 8,0xFFFFFF 8,0xFFFFFF 7 6 5 4 3 2 1 0 0 0 0 0
0 0 0 0 0 1 2 3 4 5 6 7 8,0xFFFFFF 8,0xFFFFFF 8,0xFFFFFF 7 6 5 4 3 2 1 0 0 0 0 0
0 0 0 0 0 1 2 3 4 5 6 7 8,0xFFFFFF 8,0xFFFFFF 8,0xFFFFFF 7 6 5 4 3 2 1 0 0 0 0 0
0 0 0 0 0 1 2 3 4 5 6 7 8,0xFFFFFF 9,0xFFFFFF 8,0xFFFFFF 7 6 5 4 3 2 1 0 0 0 0 0
0 0 0 0 0 1 2 3 4 5 6 7 8,0xFFFFFF 8,0xFFFFFF 8,0xFFFFFF 7 6 5 4 3 2 1 0 0 0 0 0
0 0 0 0 0 1 2 3 4 5 6 7 7 7 7 7 6 5 4 3 2 1 0 0 0 0 0
0 0 0 0 0 1 2 3 4 5 6 6 6 6 6 6 6 5 4 3 2 1 0 0 0 0 0
0 0 0 0 0 1 2 3 4 5 5 5 5 5 5 5 5 5 4 3 2 1 0 0 0 0 0
0 0 0 0 0 1 2 3 4 4 4 4 4 4 4 4 4 4 4 3 2 1 0 0 0 0 0
0 0 0 0 0 1 2 3 3 3 3 3 3 3 3 3 3 3 3 3 2 1 0 0 0 0 0
0 0 0 0 0 1 2 2 2 2 2 2 2 2 2 2 2 2 2 2 2 1 0 0 0 0 0
0 0 0 0 0 1 1 1 1 1 1 1 1 1 1 1 1 1 1 1 1 1 0 0 0 0 0
0 0 0 0 0 0 0 0 0 0 0 0 0 0 0 0 0 0 0 0 0 0 0 0 0 0 0
0 0 0 0 0 0 0 0 0 0 0 0 0 0 0 0 0 0 0 0 0 0 0 0 0 0 0
0 0 0 0 0 0 0 0 0 0 0 0 0 0 0 0 0 0 0 0 0 0 0 0 0 0 0
0 0 0 0 0 0 0 0 0 0 0 0 0 0 0 0 0 0 0 0 0 0 0 0 0 0 0
0 0 0 0 0 0 0 0 0 0 0 0 0 0 0 0 0 0 0 0 0 0 0 0 0 0 0